112.99985
100.666405
97.99985
96.666405
113.99992
91.99984
99.99997
96.99969
104.0
92.66651
105.99939
93.99984
98.99984
91.99984
94.66612
89.99981
97.99985
91.99983
89.99963
91.99984
91.99981
116.99936
93.33292
89.99963
91.999344
99.99999
96.99982
96.66616
89.99981
89.99963
95.999695
89.99963
89.99981
107.99985
98.99982
89.99981
93.999695
89.99981
103.99982
100.99985
96.99965
91.333084
97.99985
91.333084
92.66608
94.666405
90.66608
90.66608
98.99965
90.666504
94.666405
97.66612
90.666504
90.666504
98.99982
91.99964
97.33313
103.99982
103.99965
95.33313
91.33243
105.99965
109.33313
103.99965
129.99985
95.332924
91.33286
91.333084
93.33286
91.333084
110.99982
95.99983
95.33313
93.332886
92.66609
93.333115
97.3329
91.333084
93.333115
93.332886
109.99936
102.16628
93.3331
95.333115
91.99982
100.3329
93.33292
96.99982
95.999664
91.333084
91.333084
95.3331
93.33292
93.33286
91.333084
93.332886
91.333084
98.99998
101.66556
93.333115
98.33288
108.99966
104.66641
91.33286
93.3331
106.16597
93.99982
95.3331
95.99984
95.33309
110.3333
97.33313
93.33309
95.3331
95.33312
95.33309
96.66653
102.99984
102.33287
95.999825
95.33312
93.33309
104.66652
95.33312
112.33182
97.333115
93.33309
93.33309
97.33293
95.99982
98.99991
93.33309
97.66652
97.99985
93.9998
93.33309
110.33313
119.99996
97.33313
93.33309
108.66653
102.333115
93.9998
95.99983
108.66641
93.33309
97.333115
100.99984
93.33309
95.3331
105.99992
93.33309
97.333115
121.33237
97.33312
107.83327
100.33309
125.999985
95.33309
93.99982
102.33255
103.999954
93.33309
103.666176
93.33309
103.66536
104.999695
93.99982
93.33309
105.666176
94.66652
93.33309
109.99985
98.33249
93.99982
104.332535
93.33309
93.33309
102.99985
114.16648
95.3331
97.33255
93.99982
104.666534
97.33255
100.33287
93.99982
100.66655
111.333145
93.99982
97.99985
95.33309
93.99982
103.66642
101.666504
96.666504
113.16649
96.66652
95.99982
118.66662
104.999405
96.66652
99.66652
99.99985
97.99984
108.99983
103.33313
95.99982
103.333145
98.66653
95.99982
113.99983
96.66652
100.99982
103.66655
96.666504
95.99982
100.66642
95.99982
95.99982
100.666405
97.99984
97.99984
98.66651
116.99999
98.66641
97.99983
95.99982
95.99982
97.99983
95.99982
95.99982
97.99984
101.66652
95.99982
95.99982
97.99983
96.66652
98.66641
113.66664
96.666504
98.6664
95.99982
95.99982
97.99984
95.99982
97.99983
95.99982
96.66652
99.99985
95.99982
99.66652
95.99982
95.99982
95.99982
100.666534
96.666504
106.99989
100.66642
99.66652
95.99982
101.333115
95.99982
108.66642
96.666504
101.333115
100.66642
101.66652
99.66652
100.66642
96.66652
101.66652
110.66642
99.66652
95.99982
103.66642
95.99982
95.99982
99.99985
97.99983
97.99983
101.66641
101.66652
97.99983
97.99984
97.333084
98.66653
98.66641
105.99936
102.99983
97.99984
95.99982
97.99983
97.99984
95.99982
99.66652
97.99983
96.66652
95.99982
103.66642
95.99982
95.99982
101.33313
111.999794
95.99982
99.99985
96.66652
95.99982
99.99985
100.99982
96.666504
104.99985
96.66652
95.99982
99.99985
105.99999
95.99982
100.99982
96.66652
110.66666
95.99982
95.99982
97.99984
105.99999
107.33309
109.99936
114.666534
98.66653
99.99985
96.33307
95.99982
99.99985
96.66652
119.3323
99.99985
106.66652
96.666504
99.99985
95.99982
96.66652
99.99985
95.99982
102.33309
105.333145
119.99902
95.99982
100.66655
95.99982
101.66652
101.33313
95.99982
95.99982
101.666534
95.99982
111.99983
105.333145
95.99982
96.66609
99.99985
100.99982
96.66652
101.33313
95.99982
96.66652
100.66642
96.66652
113.66621
105.665695
97.333084
95.99982
115.99985
96.66652
101.66652
100.66655
99.66652
95.99982
114.16665
95.99982
95.99982
105.99985
96.66652
107.33332
100.66655
106.66652
95.99982
110.99984
96.66652
95.99982
99.99985
95.99982
95.99982
106.33332
100.999985
95.99982
116.66667
100.99936
95.99982
98.66653
104.33231
96.66652
