71.0
18.0
28.0
76.99929
55.0
84.0
51.0
64.0
89.99984
66.0
66.0
69.99998
61.0
75.0
39.0
52.0
70.0
55.0
56.0
36.0
81.0
89.999344
55.0
20.0
73.33327
53.0
75.0
60.0
59.0
66.0
68.0
36.0
61.0
81.0
78.0
86.99992
26.0
69.0
77.0
57.0
79.33333
16.0
66.0
32.0
48.0
91.99996
66.66666
21.0
90.99998
28.0
82.66666
66.0
88.666626
26.0
54.0
16.0
74.666534
81.33333
81.33333
75.33327
34.0
79.33333
59.0
66.33333
91.333084
72.66666
87.999985
24.0
78.66666
24.0
74.0
54.666664
19.0
42.0
60.666664
43.666664
79.66651
31.0
74.66666
75.33327
85.33252
82.66666
68.66666
31.0
73.66666
53.0
24.0
63.333336
74.66652
40.0
88.99996
74.99996
95.333275
92.0
62.333336
67.0
30.0
18.0
54.0
56.333336
32.0
68.0
81.33333
40.0
78.666626
99.665665
44.0
47.0
75.66651
98.33311
57.0
36.0
24.0
37.0
69.33333
36.0
33.0
24.0
56.0
34.0
79.33331
73.33333
72.33333
37.0
85.333275
58.0
66.33333
68.33333
55.666664
26.0
82.66641
43.666664
59.333336
20.0
85.66666
56.333336
66.0
93.999985
61.666664
21.0
71.33333
28.0
47.0
80.66664
71.33333
59.666664
45.0
80.33333
45.33333
65.33333
69.33333
31.0
91.666405
80.33333
80.33328
95.666534
79.33333
97.33255
46.0
23.0
77.66666
69.33333
40.0
59.333336
48.0
73.33333
26.0
97.33328
34.0
75.0
77.333275
85.66667
83.33333
93.66609
99.66641
32.0
70.33333
24.0
73.33333
94.66653
18.0
30.0
56.333336
61.333336
30.0
57.0
86.33255
34.0
91.333084
60.333336
86.33244
79.33328
30.0
69.66666
16.0
68.33333
60.0
24.0
83.66666
85.99985
33.0
97.665665
59.333336
41.0
45.33333
83.66666
58.0
83.33247
60.333336
84.0
74.33333
78.0
61.666664
34.0
60.333336
47.0
24.0
32.0
72.66666
28.0
26.0
28.0
34.0
20.0
87.99982
85.66667
33.0
45.0
27.0
97.333305
91.33332
24.0
89.33333
79.33333
83.33241
91.33333
32.0
18.0
15.0
93.66651
34.0
73.33333
23.0
23.0
103.665665
24.0
71.33333
35.0
40.0
90.66666
84.666405
59.333336
83.33333
16.0
90.66662
32.0
58.333336
71.66666
99.66641
55.333336
19.0
46.333336
64.333336
65.66666
68.33333
46.333336
80.66664
68.33333
74.33333
33.0
21.0
80.33333
86.33333
57.333336
84.666405
57.333336
82.3333
30.0
75.333275
77.333275
79.33328
65.33333
80.33333
24.0
34.0
59.333336
20.0
41.0
83.999306
73.33333
75.99992
72.0
44.0
30.0
88.99999
65.33333
26.0
81.66567
20.0
59.333336
20.0
23.0
77.666405
91.999985
41.0
37.0
81.66567
34.0
33.0
34.0
60.0
64.333336
32.0
59.33333
31.0
95.666504
68.33333
34.0
36.0
40.0
74.0
41.0
36.0
92.333084
71.33333
96.66661
95.99983
79.66641
63.333336
86.332535
56.333336
40.0
32.0
87.99982
21.0
86.33333
76.33333
82.33328
67.33333
18.0
38.0
59.333336
68.33333
59.333336
91.66609
33.0
31.0
36.0
62.0
58.333336
21.0
41.0
79.66666
56.333336
83.0
76.66666
16.0
31.0
18.0
28.0
81.33331
48.0
20.0
24.0
48.0
34.0
78.66667
99.999405
74.33333
36.0
77.0
34.0
81.33333
34.0
68.33333
30.0
102.99985
28.0
30.0
46.333336
24.0
92.666504
41.0
83.33333
45.333336
81.66667
32.0
63.333336
79.665665
71.33333
39.0
24.0
24.0
48.0
80.66652
95.66609
63.666664
70.33333
73.33333
81.33331
