21.0
31.0
45.0
58.333336
58.33248
20.0
55.0
18.0
60.999397
41.0
37.0
53.0
36.0
32.0
35.0
19.0
53.0
37.0
38.0
51.0
38.0
28.0
38.0
18.0
14.0
63.99997
33.0
53.0
54.99989
18.0
67.99927
24.0
31.0
26.0
51.0
48.99989
54.999626
53.0
52.0
30.0
16.0
40.0
53.99929
36.0
69.99974
33.0
57.0
16.0
53.99933
18.0
59.66606
32.0
55.0
51.999634
33.0
26.0
32.0
51.0
37.0
27.0
65.9998
19.0
32.0
21.0
40.0
36.0
47.0
33.0
21.0
39.0
39.0
54.999336
17.0
30.0
49.0
53.0
55.0
40.0
51.999268
33.0
52.333336
26.0
54.999382
52.999012
51.666664
16.0
24.0
40.0
67.999374
64.6665
65.99928
19.0
32.0
34.0
57.332474
22.0
19.0
68.666115
65.99927
37.0
31.0
34.0
14.0
54.0
30.0
16.0
18.0
18.0
30.0
73.99939
47.0
57.999306
36.0
36.0
63.666664
67.99907
39.0
60.0
57.0
38.666664
38.0
26.0
55.0
25.0
58.333336
69.99907
39.0
55.666084
31.0
16.0
16.0
41.666664
43.0
20.0
22.0
52.0
55.0
33.0
52.999306
18.0
31.0
53.99929
55.99929
16.0
18.0
26.0
23.0
31.0
67.99927
44.33333
73.3329
53.99929
52.9998
31.0
57.99931
69.9993
71.33244
36.0
65.99929
18.0
16.0
55.666664
65.99983
54.333267
16.0
37.0
53.0
26.0
44.33333
52.9998
43.0
34.0
30.0
32.0
41.0
52.0
67.99927
22.0
19.0
33.0
57.0
62.333336
34.0
55.0
38.0
63.99961
32.0
54.999275
32.0
30.0
38.0
43.0
52.999268
32.0
37.0
22.0
31.0
18.0
41.0
32.0
18.0
18.0
52.999268
54.999336
57.666664
67.999275
16.0
32.0
57.666664
32.0
44.0
50.9998
54.999268
34.0
18.0
42.0
34.0
52.0
27.0
31.0
35.0
54.9998
57.0
54.0
21.0
59.666664
36.0
58.66612
71.99939
68.66605
27.0
19.0
19.0
54.999275
54.0
65.99995
57.666084
55.99931
71.999306
18.0
53.0
18.0
40.0
43.0
33.0
35.0
43.0
55.0
43.0
54.999306
52.9998
29.0
18.0
35.0
42.0
55.0
55.999306
33.0
43.0
18.0
54.999817
34.0
31.0
31.0
44.0
34.0
54.0
38.0
21.0
29.0
71.99984
18.0
71.999344
22.0
36.0
40.0
37.0
55.0
60.999847
16.0
59.666664
16.0
31.0
67.999985
18.0
36.0
58.333336
21.0
45.0
33.0
43.0
69.999954
54.999817
21.0
59.0
18.0
16.0
55.99931
34.0
28.0
