37.0,
43.0,
105.0,
126.0,
87.0,
36.0,
105.0,
35.0,
105.0,
98.0,
89.0,
91.0,
48.0,
46.0,
46.0,
36.0,
103.0,
102.0,
98.0,
100.0,
48.0,
41.0,
50.0,
24.0,
32.0,
118.0,
45.0,
104.0,
115.0,
35.0,
122.0,
39.0,
44.0,
40.0,
93.0,
94.0,
101.0,
105.0,
110.0,
43.0,
33.0,
61.0,
100.0,
47.0,
113.0,
45.0,
97.0,
33.0,
111.0,
35.0,
106.0,
45.0,
101.0,
102.0,
45.0,
40.0,
46.0,
110.0,
80.0,
40.0,
109.0,
26.0,
35.0,
38.0,
93.0,
58.0,
100.0,
45.0,
38.0,
79.0,
97.0,
104.0,
35.0,
42.0,
97.0,
104.0,
94.0,
90.0,
102.0,
56.0,
93.0,
40.0,
104.0,
115.0,
95.0,
33.0,
39.0,
97.0,
131.0,
108.0,
114.0,
36.0,
44.0,
47.0,
103.0,
37.0,
25.0,
118.0,
111.0,
97.0,
44.0,
47.0,
32.0,
119.0,
44.0,
33.0,
35.0,
35.0,
43.0,
126.0,
93.0,
99.0,
49.0,
47.0,
102.0,
112.0,
104.0,
113.0,
94.0,
96.0,
99.0,
40.0,
105.0,
50.0,
108.0,
112.0,
50.0,
83.0,
44.0,
33.0,
33.0,
86.0,
111.0,
36.0,
37.0,
109.0,
98.0,
34.0,
101.0,
35.0,
44.0,
82.0,
105.0,
33.0,
35.0,
40.0,
39.0,
44.0,
119.0,
117.0,
114.0,
107.0,
77.0,
44.0,
112.0,
111.0,
116.0,
48.0,
117.0,
35.0,
33.0,
102.0,
110.0,
109.0,
33.0,
102.0,
108.0,
40.0,
94.0,
108.0,
81.0,
47.0,
43.0,
43.0,
97.0,
97.0,
115.0,
37.0,
36.0,
45.0,
100.0,
100.0,
57.0,
113.0,
50.0,
108.0,
45.0,
103.0,
45.0,
43.0,
99.0,
92.0,
107.0,
45.0,
49.0,
37.0,
44.0,
35.0,
103.0,
45.0,
34.0,
35.0,
107.0,
102.0,
104.0,
112.0,
33.0,
45.0,
99.0,
45.0,
90.0,
85.0,
111.0,
47.0,
35.0,
91.0,
47.0,
103.0,
40.0,
44.0,
46.0,
112.0,
118.0,
112.0,
27.0,
98.0,
47.0,
105.0,
117.0,
134.0,
40.0,
36.0,
36.0,
109.0,
106.0,
110.0,
107.0,
112.0,
116.0,
35.0,
101.0,
35.0,
88.0,
112.0,
45.0,
46.0,
102.0,
108.0,
109.0,
105.0,
101.0,
42.0,
35.0,
46.0,
93.0,
103.0,
83.0,
45.0,
103.0,
34.0,
126.0,
47.0,
42.0,
44.0,
96.0,
47.0,
87.0,
49.0,
38.0,
42.0,
134.0,
34.0,
112.0,
37.0,
46.0,
50.0,
48.0,
111.0,
109.0,
33.0,
104.0,
33.0,
44.0,
118.0,
34.0,
47.0,
102.0,
27.0,
97.0,
56.0,
92.0,
113.0,
122.0,
38.0,
103.0,
35.0,
22.0,
112.0,
47.0,
30.0,
