40.0
94.64537
79.86018
27.313904
65.87199
75.43754
22.85058
62.258705
10.737618
21.911283
59.122055
49.914974
26.137302
46.703583
55.262474
67.61999
54.3948
66.34015
44.117714
26.574648
60.17586
67.74648
15.063801
31.780415
53.659836
54.741177
12.651615
32.605984
33.45318
12.532917
21.902311
19.85725
12.462214
10.4442005
61.32109
60.600327
24.132622
62.798054
20.0
21.469273
53.36609
67.03527
60.224384
24.0
38.21828
19.326084
71.16958
19.925215
71.68185
58.087906
16.0
67.1889
60.449112
22.595116
29.861734
59.693607
77.117584
79.44724
65.804306
77.663345
61.38893
64.35514
62.100433
75.13632
70.25476
32.318497
69.11079
64.980576
58.139946
49.473076
76.930374
74.99263
16.0
21.766127
21.370699
81.77673
57.942455
79.929085
56.6495
44.007717
87.678345
26.0
28.01096
22.237886
57.738342
50.544
14.393846
72.44892
66.12546
64.48159
17.0
70.7583
61.91418
19.458847
74.49637
20.2023
87.16071
50.67399
61.640724
75.14497
51.95556
43.010597
57.151962
15.3242855
11.0
70.91268
28.815147
70.22281
13.0
56.217007
73.19679
78.26637
71.63559
62.434143
21.319324
72.61575
35.858936
77.60791
17.616377
78.23408
29.0
47.50867
87.669785
67.25475
44.53691
77.96599
68.88176
57.720776
58.706497
11.0
48.09812
78.24664
67.20854
70.72641
23.470911
13.0
69.767525
24.258802
74.333145
65.77252
66.89479
14.539453
71.11617
15.0
22.615612
8.0
18.299957
83.21006
70.158844
83.206856
70.17586
70.695526
71.69575
69.24811
87.54018
74.19547
56.83501
15.0
10.0
65.71262
7.0
81.21831
81.63591
64.477875
16.0
76.58742
17.155025
21.786665
70.81681
82.77246
78.18951
20.0
80.3257
80.419846
17.0
86.9703
59.16469
74.832054
80.46581
59.45778
59.730217
27.0
20.150333
10.0
64.07431
10.0
76.43162
81.656784
59.217335
8.0
30.0
70.75076
67.02104
82.64439
77.83124
31.0
13.0
87.4022
64.18604
78.58774
75.0619
70.7638
22.492565
80.762985
26.0
21.078327
14.403697
8.0
65.057816
77.75235
80.74544
57.8291
17.0
73.16914
20.0
73.01378
13.0
75.56955
70.13231
7.0
36.502163
67.69455
58.448425
13.0
39.903564
65.00243
87.04115
77.872574
13.0
19.0
69.10057
69.02171
23.412724
57.101097
82.22893
16.0
36.0
44.439278
71.17492
87.377625
61.985485
13.0
68.10292
78.21712
27.0
70.21202
14.333052
27.0
71.376595
73.07547
28.0
78.04654
71.30335
88.31932
58.381134
27.0
19.314457
65.59852
10.0
80.452446
87.30872
62.34688
27.0
58.64119
71.50434
23.822586
81.56255
71.56227
7.0
54.30088
58.697376
12.0
68.556046
15.635773
65.325165
46.51535
71.83965
11.0
45.817097
66.07687
83.59907
77.57415
24.0
25.0
25.0
61.073376
56.33326
80.63149
80.33119
71.06662
70.33324
78.332
77.95922
69.33324
61.060455
69.26683
36.0
80.33165
68.333176
59.333317
72.06036
10.0
66.95921
25.0
13.0
72.06036
76.22464
21.26563
66.05444
15.0
72.054016
72.951904
11.0
72.0483
57.208275
11.0
64.05042
81.3312
77.05042
45.175922
16.5111
60.353905
72.05032
15.260387
8.0
21.461292
22.55213
24.0
60.50302
27.0
80.332
69.33324
31.0
44.273987
72.04521
76.195984
88.98088
19.741638
17.0
15.25131
66.03818
80.33063
66.46678
91.1553
66.03954
27.0
69.57893
64.33326
31.0
15.0
80.93446
