32.1
100.0
100.8
25.1
85.9
90.4
19.0
88.3
9.0
20.1
77.8
74.9
42.3
67.9
80.4
88.1
85.4
88.4
64.6
25.1
77.9
93.4
14.0
62.3
77.1
72.3
12.0
47.1
32.0
12.0
22.1
19.0
13.1
11.1
79.7
81.1
38.6
80.6
20.0
20.0
70.1
85.1
76.6
24.0
51.8
19.0
83.3
30.0
84.9
65.2
16.0
76.1
78.5
32.0
45.5
63.9
85.8
88.9
72.8
82.4
75.8
69.3
71.1
82.4
76.4
33.1
77.4
71.7
64.7
56.3
79.1
85.7
16.0
31.8
21.0
87.0
62.4
82.2
62.8
48.0
89.0
26.0
37.2
31.0
67.3
57.5
14.0
76.0
74.5
73.5
17.0
77.9
73.7
29.0
83.3
20.0
95.0
61.1
75.2
82.1
65.7
46.3
59.0
15.0
11.0
75.4
37.0
80.4
13.0
65.1
73.2
85.2
75.6
66.9
22.2
71.6
42.9
78.5
17.0
79.5
29.0
59.9
88.6
68.4
51.5
81.7
75.6
59.9
63.3
11.0
53.9
79.0
67.6
73.7
30.0
13.0
75.1
30.0
76.1
66.0
69.9
14.0
73.0
15.0
29.0
8.0
18.0
90.7
72.6
82.8
71.1
75.1
70.1
71.7
91.9
73.0
59.2
15.0
10.0
77.1
7.0
85.9
91.0
70.1
16.0
77.2
17.0
29.0
76.0
84.1
77.2
20.0
82.0
82.7
17.0
100.4
63.9
88.1
86.6
66.0
63.7
27.0
20.0
10.0
66.8
10.0
79.0
80.2
60.7
8.0
30.0
73.4
67.7
88.5
83.8
31.0
13.0
85.9
81.2
80.3
82.6
72.1
29.0
82.2
26.0
28.0
14.0
8.0
76.2
78.4
81.4
58.8
17.0
77.0
20.0
72.4
13.0
76.7
73.5
7.0
43.0
68.8
66.5
13.0
48.7
74.0
92.8
79.2
13.0
19.0
76.2
68.8
29.0
59.6
82.9
16.0
36.0
45.2
71.9
87.0
63.2
13.0
68.6
79.0
27.0
73.3
14.0
27.0
71.8
76.5
28.0
76.7
71.7
97.7
60.8
27.0
19.0
65.8
10.0
83.3
86.9
64.6
27.0
59.0
75.9
29.0
80.6
72.9
7.0
55.8
63.9
12.0
70.4
16.1
64.6
52.5
71.0
11.0
45.6
68.2
83.1
77.2
24.0
25.0
25.0
63.2
57.0
83.1
79.8
69.3
70.9
77.7
78.0
67.7
61.6
68.4
36.0
79.4
67.8
57.7
73.5
10.0
66.3
25.0
13.0
72.7
76.5
21.0
65.5
15.0
70.2
73.0
11.0
70.7
64.0
11.0
63.2
81.8
76.4
43.9
16.0
67.8
72.3
15.0
8.0
26.0
28.0
24.0
66.5
27.0
80.5
68.6
31.0
45.2
71.1
75.4
93.0
22.8
17.0
15.0
64.5
81.9
79.2
91.3
63.3
27.0
67.4
64.5
31.0
15.0
86.8
