BEGINNING EPISODE0
BEGINNING TRIAL
((1, 1), 3) | ((1, 0), 3)
((2, 1), 3) | ((1, 0), 3)
((3, 1), 3) | ((1, 0), 3)
((4, 1), 3) | ((1, 0), 3)
((5, 1), 3) | ((0, 1), 3)
((5, 2), 3) | ((0, 1), 3)
((5, 3), 3) | ((0, 1), 3)
((5, 4, 'EAST', 'door-closed'), 3) | ('open', 1)
Feedback: no
((5, 4, 'EAST', 'door-closed'), 3) | ('open', 0)
((5, 4, 'EAST', 'door-open'), 3) | ((0, 1), 3)
BEGINNING EPISODE0
BEGINNING TRIAL
((1, 1), 3) | ((1, 0), 3)
((2, 1), 3) | ((1, 0), 3)
((3, 1), 3) | ((1, 0), 3)
((4, 1), 3) | ((1, 0), 3)
((5, 1), 3) | ((0, 1), 3)
((5, 2), 3) | ((0, 1), 3)
((5, 3), 3) | ((0, 1), 3)
((5, 4, 'EAST', 'door-closed'), 3) | ('open', 1)
Feedback: no
((5, 4, 'EAST', 'door-closed'), 3) | ('open', 0)
((5, 4, 'EAST', 'door-open'), 3) | ((0, 1), 3)
BEGINNING EPISODE1
BEGINNING TRIAL
((1, 1), 3) | ((1, 0), 3)
((2, 1), 3) | ((1, 0), 3)
((3, 1), 3) | ((1, 0), 3)
((4, 1), 3) | ((1, 0), 3)
((5, 1), 3) | ((0, 1), 3)
((5, 2), 3) | ((0, 1), 3)
((5, 3), 3) | ((0, 1), 3)
((5, 4, 'EAST', 'door-closed'), 3) | ('open', 1)
Feedback: no
((5, 4, 'EAST', 'door-closed'), 3) | ('open', 0)
((5, 4, 'EAST', 'door-open'), 3) | ((0, 1), 3)
BEGINNING EPISODE2
BEGINNING TRIAL
((1, 1), 3) | ((1, 0), 3)
((2, 1), 3) | ((1, 0), 3)
((3, 1), 3) | ((1, 0), 3)
((4, 1), 3) | ((1, 0), 3)
((5, 1), 3) | ((0, 1), 3)
((5, 2), 3) | ((0, 1), 3)
((5, 3), 3) | ((0, 1), 3)
((5, 4, 'EAST', 'door-closed'), 3) | ('open', 1)
Feedback: no
((5, 4, 'EAST', 'door-closed'), 3) | ('open', 0)
((5, 4, 'EAST', 'door-open'), 3) | ((0, 1), 3)
BEGINNING EPISODE3
BEGINNING TRIAL
((1, 1), 3) | ((1, 0), 3)
((2, 1), 3) | ((1, 0), 3)
((3, 1), 3) | ((1, 0), 3)
((4, 1), 3) | ((1, 0), 3)
((5, 1), 3) | ((0, 1), 3)
((5, 2), 3) | ((0, 1), 3)
((5, 3), 3) | ((0, 1), 3)
((5, 4, 'EAST', 'door-closed'), 3) | ('open', 1)
Feedback: no
((5, 4, 'EAST', 'door-closed'), 3) | ('open', 0)
((5, 4, 'EAST', 'door-open'), 3) | ((0, 1), 3)
BEGINNING EPISODE4
BEGINNING TRIAL
((1, 1), 3) | ((1, 0), 3)
((2, 1), 3) | ((1, 0), 3)
((3, 1), 3) | ((1, 0), 3)
((4, 1), 3) | ((1, 0), 3)
((5, 1), 3) | ((0, 1), 3)
((5, 2), 3) | ((0, 1), 3)
((5, 3), 3) | ((0, 1), 3)
((5, 4, 'EAST', 'door-closed'), 3) | ('open', 1)
Feedback: no
((5, 4, 'EAST', 'door-closed'), 3) | ('open', 0)
((5, 4, 'EAST', 'door-open'), 3) | ((0, 1), 3)
BEGINNING EPISODE5
BEGINNING TRIAL
((1, 1), 3) | ((1, 0), 3)
((2, 1), 3) | ((1, 0), 3)
((3, 1), 3) | ((1, 0), 3)
((4, 1), 3) | ((1, 0), 3)
((5, 1), 3) | ((0, 1), 3)
((5, 2), 3) | ((0, 1), 3)
((5, 3), 3) | ((0, 1), 3)
((5, 4, 'EAST', 'door-closed'), 3) | ('open', 1)
Feedback: no
((5, 4, 'EAST', 'door-closed'), 3) | ('open', 0)
((5, 4, 'EAST', 'door-open'), 3) | ((0, 1), 3)
BEGINNING EPISODE6
BEGINNING TRIAL
((1, 1), 3) | ((1, 0), 3)
((2, 1), 3) | ((1, 0), 3)
((3, 1), 3) | ((1, 0), 3)
((4, 1), 3) | ((1, 0), 3)
((5, 1), 3) | ((0, 1), 3)
((5, 2), 3) | ((0, 1), 3)
((5, 3), 3) | ((0, 1), 3)
((5, 4, 'EAST', 'door-closed'), 3) | ('open', 1)
Feedback: no
((5, 4, 'EAST', 'door-closed'), 3) | ('open', 0)
((5, 4, 'EAST', 'door-open'), 3) | ((0, 1), 3)
BEGINNING EPISODE7
BEGINNING TRIAL
((1, 1), 3) | ((1, 0), 3)
((2, 1), 3) | ((1, 0), 3)
((3, 1), 3) | ((1, 0), 3)
((4, 1), 3) | ((1, 0), 3)
((5, 1), 3) | ((0, 1), 3)
((5, 2), 3) | ((0, 1), 3)
((5, 3), 3) | ((0, 1), 3)
((5, 4, 'EAST', 'door-closed'), 3) | ('open', 1)
Feedback: no
((5, 4, 'EAST', 'door-closed'), 3) | ('open', 0)
((5, 4, 'EAST', 'door-open'), 3) | ((0, 1), 3)
BEGINNING EPISODE8
BEGINNING TRIAL
((1, 1), 3) | ((1, 0), 3)
((2, 1), 3) | ((1, 0), 3)
((3, 1), 3) | ((1, 0), 3)
((4, 1), 3) | ((1, 0), 3)
((5, 1), 3) | ((0, 1), 3)
((5, 2), 3) | ((0, 1), 3)
((5, 3), 3) | ((0, 1), 3)
((5, 4, 'EAST', 'door-closed'), 3) | ('open', 1)
Feedback: no
((5, 4, 'EAST', 'door-closed'), 3) | ('open', 0)
((5, 4, 'EAST', 'door-open'), 3) | ((0, 1), 3)
BEGINNING EPISODE9
BEGINNING TRIAL
((1, 1), 3) | ((1, 0), 3)
((2, 1), 3) | ((1, 0), 3)
((3, 1), 3) | ((1, 0), 3)
((4, 1), 3) | ((1, 0), 3)
((5, 1), 3) | ((0, 1), 3)
((5, 2), 3) | ((0, 1), 3)
((5, 3), 3) | ((0, 1), 3)
((5, 4, 'EAST', 'door-closed'), 3) | ('open', 1)
Feedback: no
((5, 4, 'EAST', 'door-closed'), 3) | ('open', 0)
((5, 4, 'EAST', 'door-open'), 3) | ((0, 1), 3)
BEGINNING EPISODE10
BEGINNING TRIAL
((1, 1), 3) | ((1, 0), 3)
((2, 1), 3) | ((1, 0), 3)
((3, 1), 3) | ((1, 0), 3)
((4, 1), 3) | ((1, 0), 3)
((5, 1), 3) | ((0, 1), 3)
((5, 2), 3) | ((0, 1), 3)
((5, 3), 3) | ((0, 1), 3)
((5, 4, 'EAST', 'door-closed'), 3) | ('open', 1)
Feedback: no
((5, 4, 'EAST', 'door-closed'), 3) | ('open', 0)
((5, 4, 'EAST', 'door-open'), 3) | ((0, 1), 3)
BEGINNING EPISODE11
BEGINNING TRIAL
((1, 1), 3) | ((1, 0), 3)
((2, 1), 3) | ((1, 0), 3)
((3, 1), 3) | ((1, 0), 3)
((4, 1), 3) | ((1, 0), 3)
((5, 1), 3) | ((0, 1), 3)
((5, 2), 3) | ((0, 1), 3)
((5, 3), 3) | ((0, 1), 3)
((5, 4, 'EAST', 'door-closed'), 3) | ('open', 1)
Feedback: no
((5, 4, 'EAST', 'door-closed'), 3) | ('open', 0)
((5, 4, 'EAST', 'door-open'), 3) | ((0, 1), 3)
BEGINNING EPISODE12
BEGINNING TRIAL
((1, 1), 3) | ((1, 0), 3)
((2, 1), 3) | ((1, 0), 3)
((3, 1), 3) | ((1, 0), 3)
((4, 1), 3) | ((1, 0), 3)
((5, 1), 3) | ((0, 1), 3)
((5, 2), 3) | ((0, 1), 3)
((5, 3), 3) | ((0, 1), 3)
((5, 4, 'EAST', 'door-closed'), 3) | ('open', 1)
Feedback: no
((5, 4, 'EAST', 'door-closed'), 3) | ('open', 0)
((5, 4, 'EAST', 'door-open'), 3) | ((0, 1), 3)
BEGINNING EPISODE13
BEGINNING TRIAL
((1, 1), 3) | ((1, 0), 3)
((2, 1), 3) | ((1, 0), 3)
((3, 1), 3) | ((1, 0), 3)
((4, 1), 3) | ((1, 0), 3)
((5, 1), 3) | ((0, 1), 3)
((5, 2), 3) | ((0, 1), 3)
((5, 3), 3) | ((0, 1), 3)
((5, 4, 'EAST', 'door-closed'), 3) | ('open', 1)
Feedback: no
((5, 4, 'EAST', 'door-closed'), 3) | ('open', 0)
((5, 4, 'EAST', 'door-open'), 3) | ((0, 1), 3)
BEGINNING EPISODE14
BEGINNING TRIAL
((1, 1), 3) | ((1, 0), 3)
((2, 1), 3) | ((1, 0), 3)
((3, 1), 3) | ((1, 0), 3)
((4, 1), 3) | ((1, 0), 3)
((5, 1), 3) | ((0, 1), 3)
((5, 2), 3) | ((0, 1), 3)
((5, 3), 3) | ((0, 1), 3)
((5, 4, 'EAST', 'door-closed'), 3) | ('open', 1)
Feedback: no
((5, 4, 'EAST', 'door-closed'), 3) | ('open', 0)
((5, 4, 'EAST', 'door-open'), 3) | ((0, 1), 3)
BEGINNING EPISODE15
BEGINNING TRIAL
((1, 1), 3) | ((1, 0), 3)
((2, 1), 3) | ((1, 0), 3)
((3, 1), 3) | ((1, 0), 3)
((4, 1), 3) | ((1, 0), 3)
((5, 1), 3) | ((0, 1), 3)
((5, 2), 3) | ((0, 1), 3)
((5, 3), 3) | ((0, 1), 3)
((5, 4, 'EAST', 'door-closed'), 3) | ('open', 1)
Feedback: no
((5, 4, 'EAST', 'door-closed'), 3) | ('open', 0)
((5, 4, 'EAST', 'door-open'), 3) | ((0, 1), 3)
BEGINNING EPISODE0
BEGINNING TRIAL
((1, 1), 3) | ((1, 0), 3)
((2, 1), 3) | ((1, 0), 3)
((3, 1), 3) | ((1, 0), 3)
((4, 1), 3) | ((1, 0), 3)
((5, 1), 3) | ((0, 1), 3)
((5, 2), 3) | ((0, 1), 3)
((5, 3), 3) | ((0, 1), 3)
((5, 4, 'EAST', 'door-closed'), 3) | ('open', 1)
Feedback: no
((5, 4, 'EAST', 'door-closed'), 3) | ('open', 0)
((5, 4, 'EAST', 'door-open'), 3) | ((0, 1), 3)
BEGINNING EPISODE1
BEGINNING TRIAL
((1, 1), 3) | ((1, 0), 3)
((2, 1), 3) | ((1, 0), 3)
((3, 1), 3) | ((1, 0), 3)
((4, 1), 3) | ((1, 0), 3)
((5, 1), 3) | ((0, 1), 3)
((5, 2), 3) | ((0, 1), 3)
((5, 3), 3) | ((0, 1), 3)
((5, 4, 'EAST', 'door-closed'), 3) | ('open', 1)
Feedback: no
((5, 4, 'EAST', 'door-closed'), 3) | ('open', 0)
((5, 4, 'EAST', 'door-open'), 3) | ((0, 1), 3)
BEGINNING EPISODE2
BEGINNING TRIAL
((1, 1), 3) | ((1, 0), 3)
((2, 1), 3) | ((1, 0), 3)
((3, 1), 3) | ((1, 0), 3)
((4, 1), 3) | ((1, 0), 3)
((5, 1), 3) | ((0, 1), 3)
((5, 2), 3) | ((0, 1), 3)
((5, 3), 3) | ((0, 1), 3)
((5, 4, 'EAST', 'door-closed'), 3) | ('open', 1)
Feedback: no
((5, 4, 'EAST', 'door-closed'), 3) | ('open', 0)
((5, 4, 'EAST', 'door-open'), 3) | ((0, 1), 3)
BEGINNING EPISODE3
BEGINNING TRIAL
((1, 1), 3) | ((1, 0), 3)
((2, 1), 3) | ((1, 0), 3)
((3, 1), 3) | ((1, 0), 3)
((4, 1), 3) | ((1, 0), 3)
((5, 1), 3) | ((0, 1), 3)
((5, 2), 3) | ((0, 1), 3)
((5, 3), 3) | ((0, 1), 3)
((5, 4, 'EAST', 'door-closed'), 3) | ('open', 1)
Feedback: no
((5, 4, 'EAST', 'door-closed'), 3) | ('open', 0)
((5, 4, 'EAST', 'door-open'), 3) | ((0, 1), 3)
BEGINNING EPISODE4
BEGINNING TRIAL
((1, 1), 3) | ((1, 0), 3)
((2, 1), 3) | ((1, 0), 3)
((3, 1), 3) | ((1, 0), 3)
((4, 1), 3) | ((1, 0), 3)
((5, 1), 3) | ((0, 1), 3)
((5, 2), 3) | ((0, 1), 3)
((5, 3), 3) | ((0, 1), 3)
((5, 4, 'EAST', 'door-closed'), 3) | ('open', 1)
Feedback: yes
((5, 4, 'EAST', 'door-open'), 3) | ((0, 1), 3)
BEGINNING EPISODE5
BEGINNING TRIAL
((1, 1), 3) | ((1, 0), 3)
((2, 1), 3) | ((1, 0), 3)
((3, 1), 3) | ((1, 0), 3)
((4, 1), 3) | ((1, 0), 3)
((5, 1), 3) | ((0, 1), 3)
((5, 2), 3) | ((0, 1), 3)
((5, 3), 3) | ((0, 1), 3)
((5, 4, 'EAST', 'door-closed'), 3) | ('open', 1)
Feedback: no
((5, 4, 'EAST', 'door-closed'), 3) | ('open', 0)
((5, 4, 'EAST', 'door-open'), 3) | ((0, 1), 3)
BEGINNING EPISODE6
BEGINNING TRIAL
((1, 1), 3) | ((1, 0), 3)
((2, 1), 3) | ((1, 0), 3)
((3, 1), 3) | ((1, 0), 3)
((4, 1), 3) | ((1, 0), 3)
((5, 1), 3) | ((0, 1), 3)
((5, 2), 3) | ((0, 1), 3)
((5, 3), 3) | ((0, 1), 3)
((5, 4, 'EAST', 'door-closed'), 3) | ('open', 1)
Feedback: no
((5, 4, 'EAST', 'door-closed'), 3) | ('open', 0)
((5, 4, 'EAST', 'door-open'), 3) | ((0, 1), 3)
BEGINNING EPISODE7
BEGINNING TRIAL
((1, 1), 3) | ((1, 0), 3)
((2, 1), 3) | ((1, 0), 3)
((3, 1), 3) | ((1, 0), 3)
((4, 1), 3) | ((1, 0), 3)
((5, 1), 3) | ((0, 1), 3)
((5, 2), 3) | ((0, 1), 3)
((5, 3), 3) | ((0, 1), 3)
((5, 4, 'EAST', 'door-closed'), 3) | ('open', 1)
Feedback: no
((5, 4, 'EAST', 'door-closed'), 3) | ('open', 0)
((5, 4, 'EAST', 'door-open'), 3) | ((0, 1), 3)
BEGINNING EPISODE0
BEGINNING TRIAL
((1, 1), 3) | ((1, 0), 3)
((2, 1), 3) | ((1, 0), 3)
((3, 1), 3) | ((1, 0), 3)
((4, 1), 3) | ((1, 0), 3)
((5, 1), 3) | ((0, 1), 3)
((5, 2), 3) | ((0, 1), 3)
((5, 3), 3) | ((0, 1), 3)
((5, 4, 'EAST', 'door-closed'), 3) | ('open', 1)
Feedback: no
((5, 4, 'EAST', 'door-closed'), 3) | ('open', 0)
((5, 4, 'EAST', 'door-open'), 3) | ((0, 1), 3)
BEGINNING EPISODE1
BEGINNING TRIAL
((1, 1), 3) | ((1, 0), 3)
((2, 1), 3) | ((1, 0), 3)
((3, 1), 3) | ((1, 0), 3)
((4, 1), 3) | ((1, 0), 3)
((5, 1), 3) | ((0, 1), 3)
((5, 2), 3) | ((0, 1), 3)
((5, 3), 3) | ((0, 1), 3)
((5, 4, 'EAST', 'door-closed'), 3) | ('open', 1)
Feedback: no
((5, 4, 'EAST', 'door-closed'), 3) | ('open', 0)
((5, 4, 'EAST', 'door-open'), 3) | ((0, 1), 3)
BEGINNING EPISODE2
BEGINNING TRIAL
((1, 1), 3) | ((1, 0), 3)
((2, 1), 3) | ((1, 0), 3)
((3, 1), 3) | ((1, 0), 3)
((4, 1), 3) | ((1, 0), 3)
((5, 1), 3) | ((0, 1), 3)
((5, 2), 3) | ((0, 1), 3)
((5, 3), 3) | ((0, 1), 3)
((5, 4, 'EAST', 'door-closed'), 3) | ('open', 1)
Feedback: yes
((5, 4, 'EAST', 'door-open'), 3) | ((0, 1), 3)
BEGINNING EPISODE3
BEGINNING TRIAL
((1, 1), 3) | ((1, 0), 3)
((2, 1), 3) | ((1, 0), 3)
((3, 1), 3) | ((1, 0), 3)
((4, 1), 3) | ((1, 0), 3)
((5, 1), 3) | ((0, 1), 3)
((5, 2), 3) | ((0, 1), 3)
((5, 3), 3) | ((0, 1), 3)
((5, 4, 'EAST', 'door-closed'), 3) | ('open', 1)
Feedback: no
((5, 4, 'EAST', 'door-closed'), 3) | ('open', 0)
((5, 4, 'EAST', 'door-open'), 3) | ((0, 1), 3)
BEGINNING EPISODE4
BEGINNING TRIAL
((1, 1), 3) | ((1, 0), 3)
((2, 1), 3) | ((1, 0), 3)
((3, 1), 3) | ((1, 0), 3)
((4, 1), 3) | ((1, 0), 3)
((5, 1), 3) | ((0, 1), 3)
((5, 2), 3) | ((0, 1), 3)
((5, 3), 3) | ((0, 1), 3)
((5, 4, 'EAST', 'door-closed'), 3) | ('open', 1)
Feedback: no
((5, 4, 'EAST', 'door-closed'), 3) | ('open', 0)
((5, 4, 'EAST', 'door-open'), 3) | ((0, 1), 3)
BEGINNING EPISODE5
BEGINNING TRIAL
((1, 1), 3) | ((1, 0), 3)
((2, 1), 3) | ((1, 0), 3)
((3, 1), 3) | ((1, 0), 3)
((4, 1), 3) | ((1, 0), 3)
((5, 1), 3) | ((0, 1), 3)
((5, 2), 3) | ((0, 1), 3)
((5, 3), 3) | ((0, 1), 3)
((5, 4, 'EAST', 'door-closed'), 3) | ('open', 1)
Feedback: no
((5, 4, 'EAST', 'door-closed'), 3) | ('open', 0)
((5, 4, 'EAST', 'door-open'), 3) | ((0, 1), 3)
BEGINNING EPISODE6
BEGINNING TRIAL
((1, 1), 3) | ((1, 0), 3)
((2, 1), 3) | ((1, 0), 3)
((3, 1), 3) | ((1, 0), 3)
((4, 1), 3) | ((1, 0), 3)
((5, 1), 3) | ((0, 1), 3)
((5, 2), 3) | ((0, 1), 3)
((5, 3), 3) | ((0, 1), 3)
((5, 4, 'EAST', 'door-closed'), 3) | ('open', 1)
Feedback: no
((5, 4, 'EAST', 'door-closed'), 3) | ('open', 0)
((5, 4, 'EAST', 'door-open'), 3) | ((0, 1), 3)
BEGINNING EPISODE7
BEGINNING TRIAL
((1, 1), 3) | ((1, 0), 3)
((2, 1), 3) | ((1, 0), 3)
((3, 1), 3) | ((1, 0), 3)
((4, 1), 3) | ((1, 0), 3)
((5, 1), 3) | ((0, 1), 3)
((5, 2), 3) | ((0, 1), 3)
((5, 3), 3) | ((0, 1), 3)
((5, 4, 'EAST', 'door-closed'), 3) | ('open', 1)
Feedback: no
((5, 4, 'EAST', 'door-closed'), 3) | ('open', 0)
((5, 4, 'EAST', 'door-open'), 3) | ((0, 1), 3)
BEGINNING EPISODE8
BEGINNING TRIAL
((1, 1), 3) | ((1, 0), 3)
((2, 1), 3) | ((1, 0), 3)
((3, 1), 3) | ((1, 0), 3)
((4, 1), 3) | ((1, 0), 3)
((5, 1), 3) | ((0, 1), 3)
((5, 2), 3) | ((0, 1), 3)
((5, 3), 3) | ((0, 1), 3)
((5, 4, 'EAST', 'door-closed'), 3) | ('open', 1)
Feedback: no
((5, 4, 'EAST', 'door-closed'), 3) | ('open', 0)
((5, 4, 'EAST', 'door-open'), 3) | ((0, 1), 3)
BEGINNING EPISODE9
BEGINNING TRIAL
((1, 1), 3) | ((1, 0), 3)
((2, 1), 3) | ((1, 0), 3)
((3, 1), 3) | ((1, 0), 3)
((4, 1), 3) | ((1, 0), 3)
((5, 1), 3) | ((0, 1), 3)
((5, 2), 3) | ((0, 1), 3)
((5, 3), 3) | ((0, 1), 3)
((5, 4, 'EAST', 'door-closed'), 3) | ('open', 1)
Feedback: no
((5, 4, 'EAST', 'door-closed'), 3) | ('open', 0)
((5, 4, 'EAST', 'door-open'), 3) | ((0, 1), 3)
BEGINNING EPISODE10
BEGINNING TRIAL
((1, 1), 3) | ((1, 0), 3)
((2, 1), 3) | ((1, 0), 3)
((3, 1), 3) | ((1, 0), 3)
((4, 1), 3) | ((1, 0), 3)
((5, 1), 3) | ((0, 1), 3)
((5, 2), 3) | ((0, 1), 3)
((5, 3), 3) | ((0, 1), 3)
((5, 4, 'EAST', 'door-closed'), 3) | ('open', 1)
Feedback: no
((5, 4, 'EAST', 'door-closed'), 3) | ('open', 0)
((5, 4, 'EAST', 'door-open'), 3) | ((0, 1), 3)
BEGINNING EPISODE11
BEGINNING TRIAL
((1, 1), 3) | ((1, 0), 3)
((2, 1), 3) | ((1, 0), 3)
((3, 1), 3) | ((1, 0), 3)
((4, 1), 3) | ((1, 0), 3)
((5, 1), 3) | ((0, 1), 3)
((5, 2), 3) | ((0, 1), 3)
((5, 3), 3) | ((0, 1), 3)
((5, 4, 'EAST', 'door-closed'), 3) | ('open', 1)
Feedback: no
((5, 4, 'EAST', 'door-closed'), 3) | ('open', 0)
((5, 4, 'EAST', 'door-open'), 3) | ((0, 1), 3)
BEGINNING EPISODE12
BEGINNING TRIAL
((1, 1), 3) | ((1, 0), 3)
((2, 1), 3) | ((1, 0), 3)
((3, 1), 3) | ((1, 0), 3)
((4, 1), 3) | ((1, 0), 3)
((5, 1), 3) | ((0, 1), 3)
((5, 2), 3) | ((0, 1), 3)
((5, 3), 3) | ((0, 1), 3)
((5, 4, 'EAST', 'door-closed'), 3) | ('open', 0)
((5, 4, 'EAST', 'door-open'), 3) | ((0, 1), 3)
BEGINNING EPISODE13
BEGINNING TRIAL
((1, 1), 3) | ((1, 0), 3)
((2, 1), 3) | ((1, 0), 3)
((3, 1), 3) | ((1, 0), 3)
((4, 1), 3) | ((1, 0), 3)
((5, 1), 3) | ((0, 1), 3)
((5, 2), 3) | ((0, 1), 3)
((5, 3), 3) | ((0, 1), 3)
((5, 4, 'EAST', 'door-closed'), 3) | ('open', 0)
((5, 4, 'EAST', 'door-open'), 3) | ((0, 1), 3)
BEGINNING EPISODE14
BEGINNING TRIAL
((1, 1), 3) | ((1, 0), 3)
((2, 1), 3) | ((1, 0), 3)
((3, 1), 3) | ((1, 0), 3)
((4, 1), 3) | ((1, 0), 3)
((5, 1), 3) | ((0, 1), 3)
((5, 2), 3) | ((0, 1), 3)
((5, 3), 3) | ((0, 1), 3)
((5, 4, 'EAST', 'door-closed'), 3) | ('open', 0)
((5, 4, 'EAST', 'door-open'), 3) | ((0, 1), 3)
BEGINNING EPISODE15
BEGINNING TRIAL
((1, 1), 3) | ((1, 0), 3)
((2, 1), 3) | ((1, 0), 3)
((3, 1), 3) | ((1, 0), 3)
((4, 1), 3) | ((1, 0), 3)
((5, 1), 3) | ((0, 1), 3)
((5, 2), 3) | ((0, 1), 3)
((5, 3), 3) | ((0, 1), 3)
((5, 4, 'EAST', 'door-closed'), 3) | ('open', 0)
((5, 4, 'EAST', 'door-open'), 3) | ((0, 1), 3)
BEGINNING EPISODE16
BEGINNING TRIAL
((1, 1), 3) | ((1, 0), 3)
((2, 1), 3) | ((1, 0), 3)
((3, 1), 3) | ((1, 0), 3)
((4, 1), 3) | ((1, 0), 3)
((5, 1), 3) | ((0, 1), 3)
((5, 2), 3) | ((0, 1), 3)
((5, 3), 3) | ((0, 1), 3)
((5, 4, 'EAST', 'door-closed'), 3) | ('open', 0)
((5, 4, 'EAST', 'door-open'), 3) | ((0, 1), 3)
BEGINNING EPISODE17
BEGINNING TRIAL
((1, 1), 3) | ((1, 0), 3)
((2, 1), 3) | ((1, 0), 3)
((3, 1), 3) | ((1, 0), 3)
((4, 1), 3) | ((1, 0), 3)
((5, 1), 3) | ((0, 1), 3)
((5, 2), 3) | ((0, 1), 3)
((5, 3), 3) | ((0, 1), 3)
((5, 4, 'EAST', 'door-closed'), 3) | ('open', 0)
((5, 4, 'EAST', 'door-open'), 3) | ((0, 1), 3)
BEGINNING EPISODE18
BEGINNING TRIAL
((1, 1), 3) | ((1, 0), 3)
((2, 1), 3) | ((1, 0), 3)
((3, 1), 3) | ((1, 0), 3)
((4, 1), 3) | ((1, 0), 3)
((5, 1), 3) | ((0, 1), 3)
((5, 2), 3) | ((0, 1), 3)
((5, 3), 3) | ((0, 1), 3)
((5, 4, 'EAST', 'door-closed'), 3) | ('open', 0)
((5, 4, 'EAST', 'door-open'), 3) | ((0, 1), 3)
BEGINNING EPISODE19
BEGINNING TRIAL
((1, 1), 3) | ((1, 0), 3)
((2, 1), 3) | ((1, 0), 3)
((3, 1), 3) | ((1, 0), 3)
((4, 1), 3) | ((1, 0), 3)
((5, 1), 3) | ((0, 1), 3)
((5, 2), 3) | ((0, 1), 3)
((5, 3), 3) | ((0, 1), 3)
((5, 4, 'EAST', 'door-closed'), 3) | ('open', 0)
((5, 4, 'EAST', 'door-open'), 3) | ((0, 1), 3)
BEGINNING EPISODE20
BEGINNING TRIAL
((1, 1), 3) | ((1, 0), 3)
((2, 1), 3) | ((1, 0), 3)
((3, 1), 3) | ((1, 0), 3)
((4, 1), 3) | ((1, 0), 3)
((5, 1), 3) | ((0, 1), 3)
((5, 2), 3) | ((0, 1), 3)
((5, 3), 3) | ((0, 1), 3)
((5, 4, 'EAST', 'door-closed'), 3) | ('open', 0)
((5, 4, 'EAST', 'door-open'), 3) | ((0, 1), 3)
BEGINNING EPISODE21
BEGINNING TRIAL
((1, 1), 3) | ((1, 0), 3)
((2, 1), 3) | ((1, 0), 3)
((3, 1), 3) | ((1, 0), 3)
((4, 1), 3) | ((1, 0), 3)
((5, 1), 3) | ((0, 1), 3)
((5, 2), 3) | ((0, 1), 3)
((5, 3), 3) | ((0, 1), 3)
((5, 4, 'EAST', 'door-closed'), 3) | ('open', 0)
((5, 4, 'EAST', 'door-open'), 3) | ((0, 1), 3)
BEGINNING EPISODE22
BEGINNING TRIAL
((1, 1), 3) | ((1, 0), 3)
((2, 1), 3) | ((1, 0), 3)
((3, 1), 3) | ((1, 0), 3)
((4, 1), 3) | ((1, 0), 3)
((5, 1), 3) | ((0, 1), 3)
((5, 2), 3) | ((0, 1), 3)
((5, 3), 3) | ((0, 1), 3)
((5, 4, 'EAST', 'door-closed'), 3) | ('open', 0)
((5, 4, 'EAST', 'door-open'), 3) | ((0, 1), 3)
BEGINNING EPISODE23
BEGINNING TRIAL
((1, 1), 3) | ((1, 0), 3)
((2, 1), 3) | ((1, 0), 3)
((3, 1), 3) | ((1, 0), 3)
((4, 1), 3) | ((1, 0), 3)
((5, 1), 3) | ((0, 1), 3)
((5, 2), 3) | ((0, 1), 3)
((5, 3), 3) | ((0, 1), 3)
((5, 4, 'EAST', 'door-closed'), 3) | ('open', 0)
((5, 4, 'EAST', 'door-open'), 3) | ((0, 1), 3)
BEGINNING EPISODE24
BEGINNING TRIAL
((1, 1), 3) | ((1, 0), 3)
((2, 1), 3) | ((1, 0), 3)
((3, 1), 3) | ((1, 0), 3)
((4, 1), 3) | ((1, 0), 3)
((5, 1), 3) | ((0, 1), 3)
((5, 2), 3) | ((0, 1), 3)
((5, 3), 3) | ((0, 1), 3)
((5, 4, 'EAST', 'door-closed'), 3) | ('open', 0)
((5, 4, 'EAST', 'door-open'), 3) | ((0, 1), 3)
BEGINNING EPISODE25
BEGINNING TRIAL
((1, 1), 3) | ((1, 0), 3)
((2, 1), 3) | ((1, 0), 3)
((3, 1), 3) | ((1, 0), 3)
((4, 1), 3) | ((1, 0), 3)
((5, 1), 3) | ((0, 1), 3)
((5, 2), 3) | ((0, 1), 3)
((5, 3), 3) | ((0, 1), 3)
((5, 4, 'EAST', 'door-closed'), 3) | ('open', 0)
((5, 4, 'EAST', 'door-open'), 3) | ((0, 1), 3)
BEGINNING EPISODE26
BEGINNING TRIAL
((1, 1), 3) | ((1, 0), 3)
((2, 1), 3) | ((1, 0), 3)
((3, 1), 3) | ((1, 0), 3)
((4, 1), 3) | ((1, 0), 3)
((5, 1), 3) | ((0, 1), 3)
((5, 2), 3) | ((0, 1), 3)
((5, 3), 3) | ((0, 1), 3)
((5, 4, 'EAST', 'door-closed'), 3) | ('open', 0)
((5, 4, 'EAST', 'door-open'), 3) | ((0, 1), 3)
BEGINNING EPISODE27
BEGINNING TRIAL
((1, 1), 3) | ((1, 0), 3)
((2, 1), 3) | ((1, 0), 3)
((3, 1), 3) | ((1, 0), 3)
((4, 1), 3) | ((1, 0), 3)
((5, 1), 3) | ((0, 1), 3)
((5, 2), 3) | ((0, 1), 3)
((5, 3), 3) | ((0, 1), 3)
((5, 4, 'EAST', 'door-closed'), 3) | ('open', 0)
((5, 4, 'EAST', 'door-open'), 3) | ((0, 1), 3)
BEGINNING EPISODE28
BEGINNING TRIAL
((1, 1), 3) | ((1, 0), 3)
((2, 1), 3) | ((1, 0), 3)
((3, 1), 3) | ((1, 0), 3)
((4, 1), 3) | ((1, 0), 3)
((5, 1), 3) | ((0, 1), 3)
((5, 2), 3) | ((0, 1), 3)
((5, 3), 3) | ((0, 1), 3)
((5, 4, 'EAST', 'door-closed'), 3) | ('open', 0)
((5, 4, 'EAST', 'door-open'), 3) | ((0, 1), 3)
BEGINNING EPISODE29
BEGINNING TRIAL
((1, 1), 3) | ((1, 0), 3)
((2, 1), 3) | ((1, 0), 3)
((3, 1), 3) | ((1, 0), 3)
((4, 1), 3) | ((1, 0), 3)
((5, 1), 3) | ((0, 1), 3)
((5, 2), 3) | ((0, 1), 3)
((5, 3), 3) | ((0, 1), 3)
((5, 4, 'EAST', 'door-closed'), 3) | ('open', 0)
((5, 4, 'EAST', 'door-open'), 3) | ((0, 1), 3)
BEGINNING EPISODE30
BEGINNING TRIAL
((1, 1), 3) | ((1, 0), 3)
((2, 1), 3) | ((1, 0), 3)
((3, 1), 3) | ((1, 0), 3)
((4, 1), 3) | ((1, 0), 3)
((5, 1), 3) | ((0, 1), 3)
((5, 2), 3) | ((0, 1), 3)
((5, 3), 3) | ((0, 1), 3)
((5, 4, 'EAST', 'door-closed'), 3) | ('open', 0)
((5, 4, 'EAST', 'door-open'), 3) | ((0, 1), 3)
BEGINNING EPISODE31
BEGINNING TRIAL
((1, 1), 3) | ((1, 0), 3)
((2, 1), 3) | ((1, 0), 3)
((3, 1), 3) | ((1, 0), 3)
((4, 1), 3) | ((1, 0), 3)
((5, 1), 3) | ((0, 1), 3)
((5, 2), 3) | ((0, 1), 3)
((5, 3), 3) | ((0, 1), 3)
((5, 4, 'EAST', 'door-closed'), 3) | ('open', 0)
((5, 4, 'EAST', 'door-open'), 3) | ((0, 1), 3)
BEGINNING EPISODE32
BEGINNING TRIAL
((1, 1), 3) | ((1, 0), 3)
((2, 1), 3) | ((1, 0), 3)
((3, 1), 3) | ((1, 0), 3)
((4, 1), 3) | ((1, 0), 3)
((5, 1), 3) | ((0, 1), 3)
((5, 2), 3) | ((0, 1), 3)
((5, 3), 3) | ((0, 1), 3)
((5, 4, 'EAST', 'door-closed'), 3) | ('open', 0)
((5, 4, 'EAST', 'door-open'), 3) | ((0, 1), 3)
BEGINNING EPISODE33
BEGINNING TRIAL
((1, 1), 3) | ((1, 0), 3)
((2, 1), 3) | ((1, 0), 3)
((3, 1), 3) | ((1, 0), 3)
((4, 1), 3) | ((1, 0), 3)
((5, 1), 3) | ((0, 1), 3)
((5, 2), 3) | ((0, 1), 3)
((5, 3), 3) | ((0, 1), 3)
((5, 4, 'EAST', 'door-closed'), 3) | ('open', 0)
((5, 4, 'EAST', 'door-open'), 3) | ((0, 1), 3)
BEGINNING EPISODE34
BEGINNING TRIAL
((1, 1), 3) | ((1, 0), 3)
((2, 1), 3) | ((1, 0), 3)
((3, 1), 3) | ((1, 0), 3)
((4, 1), 3) | ((1, 0), 3)
((5, 1), 3) | ((0, 1), 3)
((5, 2), 3) | ((0, 1), 3)
((5, 3), 3) | ((0, 1), 3)
((5, 4, 'EAST', 'door-closed'), 3) | ('open', 0)
((5, 4, 'EAST', 'door-open'), 3) | ((0, 1), 3)
BEGINNING EPISODE0
BEGINNING TRIAL
((1, 1), 3) | ((1, 0), 3)
((2, 1), 3) | ((1, 0), 3)
((3, 1), 3) | ((1, 0), 3)
((4, 1), 3) | ((1, 0), 3)
((5, 1), 3) | ((0, 1), 3)
((5, 2), 3) | ((0, 1), 3)
((5, 3), 3) | ((0, 1), 3)
((5, 4, 'EAST', 'door-closed'), 3) | ('open', 1)
((5, 4, 'EAST', 'door-closed'), 3) | ('open', 1)
((5, 4, 'EAST', 'door-open'), 3) | ((0, 1), 3)
BEGINNING EPISODE1
BEGINNING TRIAL
((1, 1), 3) | ((1, 0), 3)
((2, 1), 3) | ((1, 0), 3)
((3, 1), 3) | ((1, 0), 3)
((4, 1), 3) | ((1, 0), 3)
((5, 1), 3) | ((0, 1), 3)
((5, 2), 3) | ((0, 1), 3)
((5, 3), 3) | ((0, 1), 3)
((5, 4, 'EAST', 'door-closed'), 3) | ('open', 1)
((5, 4, 'EAST', 'door-closed'), 3) | ('open', 1)
((5, 4, 'EAST', 'door-closed'), 3) | ('open', 1)
Feedback: yes
((5, 4, 'EAST', 'door-open'), 3) | ((0, 1), 3)
BEGINNING EPISODE2
BEGINNING TRIAL
((1, 1), 3) | ((1, 0), 3)
((2, 1), 3) | ((1, 0), 3)
((3, 1), 3) | ((1, 0), 3)
((4, 1), 3) | ((1, 0), 3)
((5, 1), 3) | ((0, 1), 3)
((5, 2), 3) | ((0, 1), 3)
((5, 3), 3) | ((0, 1), 3)
((5, 4, 'EAST', 'door-closed'), 3) | ('open', 1)
((5, 4, 'EAST', 'door-closed'), 3) | ('open', 1)
((5, 4, 'EAST', 'door-closed'), 3) | ('open', 1)
((5, 4, 'EAST', 'door-open'), 3) | ((0, 1), 3)
BEGINNING EPISODE3
BEGINNING TRIAL
((1, 1), 3) | ((1, 0), 3)
((2, 1), 3) | ((1, 0), 3)
((3, 1), 3) | ((1, 0), 3)
((4, 1), 3) | ((1, 0), 3)
((5, 1), 3) | ((0, 1), 3)
((5, 2), 3) | ((0, 1), 3)
((5, 3), 3) | ((0, 1), 3)
((5, 4, 'EAST', 'door-closed'), 3) | ('open', 1)
((5, 4, 'EAST', 'door-open'), 3) | ((0, 1), 3)
BEGINNING EPISODE4
BEGINNING TRIAL
((1, 1), 3) | ((1, 0), 3)
((2, 1), 3) | ((1, 0), 3)
((3, 1), 3) | ((1, 0), 3)
((4, 1), 3) | ((1, 0), 3)
((5, 1), 3) | ((0, 1), 3)
((5, 2), 3) | ((0, 1), 3)
((5, 3), 3) | ((0, 1), 3)
((5, 4, 'EAST', 'door-closed'), 3) | ('open', 1)
((5, 4, 'EAST', 'door-closed'), 3) | ('open', 1)
((5, 4, 'EAST', 'door-closed'), 3) | ('open', 1)
Feedback: no
((5, 4, 'EAST', 'door-closed'), 3) | ('open', 0)
((5, 4, 'EAST', 'door-open'), 3) | ((0, 1), 3)
BEGINNING EPISODE5
BEGINNING TRIAL
((1, 1), 3) | ((1, 0), 3)
((2, 1), 3) | ((1, 0), 3)
((3, 1), 3) | ((1, 0), 3)
((4, 1), 3) | ((1, 0), 3)
((5, 1), 3) | ((0, 1), 3)
((5, 2), 3) | ((0, 1), 3)
((5, 3), 3) | ((0, 1), 3)
((5, 4, 'EAST', 'door-closed'), 3) | ('open', 1)
Feedback: yes
((5, 4, 'EAST', 'door-open'), 3) | ((0, 1), 3)
BEGINNING EPISODE6
BEGINNING TRIAL
((1, 1), 3) | ((1, 0), 3)
((2, 1), 3) | ((1, 0), 3)
((3, 1), 3) | ((1, 0), 3)
((4, 1), 3) | ((1, 0), 3)
((5, 1), 3) | ((0, 1), 3)
((5, 2), 3) | ((0, 1), 3)
((5, 3), 3) | ((0, 1), 3)
((5, 4, 'EAST', 'door-closed'), 3) | ('open', 1)
((5, 4, 'EAST', 'door-closed'), 3) | ('open', 1)
((5, 4, 'EAST', 'door-closed'), 3) | ('open', 1)
((5, 4, 'EAST', 'door-open'), 3) | ((0, 1), 3)
BEGINNING EPISODE7
BEGINNING TRIAL
((1, 1), 3) | ((1, 0), 3)
((2, 1), 3) | ((1, 0), 3)
((3, 1), 3) | ((1, 0), 3)
((4, 1), 3) | ((1, 0), 3)
((5, 1), 3) | ((0, 1), 3)
((5, 2), 3) | ((0, 1), 3)
((5, 3), 3) | ((0, 1), 3)
((5, 4, 'EAST', 'door-closed'), 3) | ('open', 1)
((5, 4, 'EAST', 'door-closed'), 3) | ('open', 1)
((5, 4, 'EAST', 'door-open'), 3) | ((0, 1), 3)
BEGINNING EPISODE8
BEGINNING TRIAL
((1, 1), 3) | ((1, 0), 3)
((2, 1), 3) | ((1, 0), 3)
((3, 1), 3) | ((1, 0), 3)
((4, 1), 3) | ((1, 0), 3)
((5, 1), 3) | ((0, 1), 3)
((5, 2), 3) | ((0, 1), 3)
((5, 3), 3) | ((0, 1), 3)
((5, 4, 'EAST', 'door-closed'), 3) | ('open', 1)
((5, 4, 'EAST', 'door-open'), 3) | ((0, 1), 3)
BEGINNING EPISODE9
BEGINNING TRIAL
((1, 1), 3) | ((1, 0), 3)
((2, 1), 3) | ((1, 0), 3)
((3, 1), 3) | ((1, 0), 3)
((4, 1), 3) | ((1, 0), 3)
((5, 1), 3) | ((0, 1), 3)
((5, 2), 3) | ((0, 1), 3)
((5, 3), 3) | ((0, 1), 3)
((5, 4, 'EAST', 'door-closed'), 3) | ('open', 1)
((5, 4, 'EAST', 'door-closed'), 3) | ('open', 1)
((5, 4, 'EAST', 'door-closed'), 3) | ('open', 1)
((5, 4, 'EAST', 'door-closed'), 3) | ('open', 1)
((5, 4, 'EAST', 'door-closed'), 3) | ('open', 1)
((5, 4, 'EAST', 'door-closed'), 3) | ('open', 1)
((5, 4, 'EAST', 'door-open'), 3) | ((0, 1), 3)
BEGINNING EPISODE10
BEGINNING TRIAL
((1, 1), 3) | ((1, 0), 3)
((2, 1), 3) | ((1, 0), 3)
((3, 1), 3) | ((1, 0), 3)
((4, 1), 3) | ((1, 0), 3)
((5, 1), 3) | ((0, 1), 3)
((5, 2), 3) | ((0, 1), 3)
((5, 3), 3) | ((0, 1), 3)
((5, 4, 'EAST', 'door-closed'), 3) | ('open', 1)
((5, 4, 'EAST', 'door-closed'), 3) | ('open', 1)
((5, 4, 'EAST', 'door-closed'), 3) | ('open', 1)
((5, 4, 'EAST', 'door-open'), 3) | ((0, 1), 3)
BEGINNING EPISODE11
BEGINNING TRIAL
((1, 1), 3) | ((1, 0), 3)
((2, 1), 3) | ((1, 0), 3)
((3, 1), 3) | ((1, 0), 3)
((4, 1), 3) | ((1, 0), 3)
((5, 1), 3) | ((0, 1), 3)
((5, 2), 3) | ((0, 1), 3)
((5, 3), 3) | ((0, 1), 3)
((5, 4, 'EAST', 'door-closed'), 3) | ('open', 1)
((5, 4, 'EAST', 'door-open'), 3) | ((0, 1), 3)
BEGINNING EPISODE12
BEGINNING TRIAL
((1, 1), 3) | ((1, 0), 3)
((2, 1), 3) | ((1, 0), 3)
((3, 1), 3) | ((1, 0), 3)
((4, 1), 3) | ((1, 0), 3)
((5, 1), 3) | ((0, 1), 3)
((5, 2), 3) | ((0, 1), 3)
((5, 3), 3) | ((0, 1), 3)
((5, 4, 'EAST', 'door-closed'), 3) | ('open', 1)
((5, 4, 'EAST', 'door-open'), 3) | ((0, 1), 3)
BEGINNING EPISODE13
BEGINNING TRIAL
((1, 1), 3) | ((1, 0), 3)
((2, 1), 3) | ((1, 0), 3)
((3, 1), 3) | ((1, 0), 3)
((4, 1), 3) | ((1, 0), 3)
((5, 1), 3) | ((0, 1), 3)
((5, 2), 3) | ((0, 1), 3)
((5, 3), 3) | ((0, 1), 3)
((5, 4, 'EAST', 'door-closed'), 3) | ('open', 1)
((5, 4, 'EAST', 'door-open'), 3) | ((0, 1), 3)
BEGINNING EPISODE14
BEGINNING TRIAL
((1, 1), 3) | ((1, 0), 3)
((2, 1), 3) | ((1, 0), 3)
((3, 1), 3) | ((1, 0), 3)
((4, 1), 3) | ((1, 0), 3)
((5, 1), 3) | ((0, 1), 3)
((5, 2), 3) | ((0, 1), 3)
((5, 3), 3) | ((0, 1), 3)
((5, 4, 'EAST', 'door-closed'), 3) | ('open', 1)
((5, 4, 'EAST', 'door-open'), 3) | ((0, 1), 3)
BEGINNING EPISODE15
BEGINNING TRIAL
((1, 1), 3) | ((1, 0), 3)
((2, 1), 3) | ((1, 0), 3)
((3, 1), 3) | ((1, 0), 3)
((4, 1), 3) | ((1, 0), 3)
((5, 1), 3) | ((0, 1), 3)
((5, 2), 3) | ((0, 1), 3)
((5, 3), 3) | ((0, 1), 3)
((5, 4, 'EAST', 'door-closed'), 3) | ('open', 1)
((5, 4, 'EAST', 'door-closed'), 3) | ('open', 1)
((5, 4, 'EAST', 'door-closed'), 3) | ('open', 1)
((5, 4, 'EAST', 'door-open'), 3) | ((0, 1), 3)
BEGINNING EPISODE16
BEGINNING TRIAL
((1, 1), 3) | ((1, 0), 3)
((2, 1), 3) | ((1, 0), 3)
((3, 1), 3) | ((1, 0), 3)
((4, 1), 3) | ((1, 0), 3)
((5, 1), 3) | ((0, 1), 3)
((5, 2), 3) | ((0, 1), 3)
((5, 3), 3) | ((0, 1), 3)
((5, 4, 'EAST', 'door-closed'), 3) | ('open', 1)
((5, 4, 'EAST', 'door-closed'), 3) | ('open', 1)
((5, 4, 'EAST', 'door-open'), 3) | ((0, 1), 3)
BEGINNING EPISODE17
BEGINNING TRIAL
((1, 1), 3) | ((1, 0), 3)
((2, 1), 3) | ((1, 0), 3)
((3, 1), 3) | ((1, 0), 3)
((4, 1), 3) | ((1, 0), 3)
((5, 1), 3) | ((0, 1), 3)
((5, 2), 3) | ((0, 1), 3)
((5, 3), 3) | ((0, 1), 3)
((5, 4, 'EAST', 'door-closed'), 3) | ('open', 1)
((5, 4, 'EAST', 'door-open'), 3) | ((0, 1), 3)
BEGINNING EPISODE18
BEGINNING TRIAL
((1, 1), 3) | ((1, 0), 3)
((2, 1), 3) | ((1, 0), 3)
((3, 1), 3) | ((1, 0), 3)
((4, 1), 3) | ((1, 0), 3)
((5, 1), 3) | ((0, 1), 3)
((5, 2), 3) | ((0, 1), 3)
((5, 3), 3) | ((0, 1), 3)
((5, 4, 'EAST', 'door-closed'), 3) | ('open', 1)
((5, 4, 'EAST', 'door-closed'), 3) | ('open', 1)
((5, 4, 'EAST', 'door-open'), 3) | ((0, 1), 3)
BEGINNING EPISODE19
BEGINNING TRIAL
((1, 1), 3) | ((1, 0), 3)
((2, 1), 3) | ((1, 0), 3)
((3, 1), 3) | ((1, 0), 3)
((4, 1), 3) | ((1, 0), 3)
((5, 1), 3) | ((0, 1), 3)
((5, 2), 3) | ((0, 1), 3)
((5, 3), 3) | ((0, 1), 3)
((5, 4, 'EAST', 'door-closed'), 3) | ('open', 1)
((5, 4, 'EAST', 'door-closed'), 3) | ('open', 1)
((5, 4, 'EAST', 'door-open'), 3) | ((0, 1), 3)
BEGINNING EPISODE20
BEGINNING TRIAL
((1, 1), 3) | ((1, 0), 3)
((2, 1), 3) | ((1, 0), 3)
((3, 1), 3) | ((1, 0), 3)
((4, 1), 3) | ((1, 0), 3)
((5, 1), 3) | ((0, 1), 3)
((5, 2), 3) | ((0, 1), 3)
((5, 3), 3) | ((0, 1), 3)
((5, 4, 'EAST', 'door-closed'), 3) | ('open', 1)
((5, 4, 'EAST', 'door-open'), 3) | ((0, 1), 3)
BEGINNING EPISODE21
BEGINNING TRIAL
((1, 1), 3) | ((1, 0), 3)
((2, 1), 3) | ((1, 0), 3)
((3, 1), 3) | ((1, 0), 3)
((4, 1), 3) | ((1, 0), 3)
((5, 1), 3) | ((0, 1), 3)
((5, 2), 3) | ((0, 1), 3)
((5, 3), 3) | ((0, 1), 3)
((5, 4, 'EAST', 'door-closed'), 3) | ('open', 1)
((5, 4, 'EAST', 'door-open'), 3) | ((0, 1), 3)
BEGINNING EPISODE0
BEGINNING TRIAL
((1, 1), 3) | ((1, 0), 3)
((2, 1), 3) | ((1, 0), 3)
((3, 1), 3) | ((1, 0), 3)
((4, 1), 3) | ((1, 0), 3)
((5, 1), 3) | ((0, 1), 3)
((5, 2), 3) | ((0, 1), 3)
((5, 3), 3) | ((0, 1), 3)
((5, 4, 'EAST', 'door-closed'), 3) | ('open', 1)
Feedback: no
((5, 4, 'EAST', 'door-closed'), 3) | ('open', 0)
((5, 4, 'EAST', 'door-open'), 3) | ((0, 1), 3)
BEGINNING EPISODE1
BEGINNING TRIAL
((1, 1), 3) | ((1, 0), 3)
((2, 1), 3) | ((1, 0), 3)
((3, 1), 3) | ((1, 0), 3)
((4, 1), 3) | ((1, 0), 3)
((5, 1), 3) | ((0, 1), 3)
((5, 2), 3) | ((0, 1), 3)
((5, 3), 3) | ((0, 1), 3)
((5, 4, 'EAST', 'door-closed'), 3) | ('open', 1)
Feedback: no
((5, 4, 'EAST', 'door-closed'), 3) | ('open', 0)
((5, 4, 'EAST', 'door-open'), 3) | ((0, 1), 3)
BEGINNING EPISODE2
BEGINNING TRIAL
((1, 1), 3) | ((1, 0), 3)
((2, 1), 3) | ((1, 0), 3)
((3, 1), 3) | ((1, 0), 3)
((4, 1), 3) | ((1, 0), 3)
((5, 1), 3) | ((0, 1), 3)
((5, 2), 3) | ((0, 1), 3)
((5, 3), 3) | ((0, 1), 3)
((5, 4, 'EAST', 'door-closed'), 3) | ('open', 1)
Feedback: no
((5, 4, 'EAST', 'door-closed'), 3) | ('open', 0)
((5, 4, 'EAST', 'door-open'), 3) | ((0, 1), 3)
BEGINNING EPISODE3
BEGINNING TRIAL
((1, 1), 3) | ((1, 0), 3)
((2, 1), 3) | ((1, 0), 3)
((3, 1), 3) | ((1, 0), 3)
((4, 1), 3) | ((1, 0), 3)
((5, 1), 3) | ((0, 1), 3)
((5, 2), 3) | ((0, 1), 3)
((5, 3), 3) | ((0, 1), 3)
((5, 4, 'EAST', 'door-closed'), 3) | ('open', 1)
Feedback: no
((5, 4, 'EAST', 'door-closed'), 3) | ('open', 0)
((5, 4, 'EAST', 'door-open'), 3) | ((0, 1), 3)
BEGINNING EPISODE4
BEGINNING TRIAL
((1, 1), 3) | ((1, 0), 3)
((2, 1), 3) | ((1, 0), 3)
((3, 1), 3) | ((1, 0), 3)
((4, 1), 3) | ((1, 0), 3)
((5, 1), 3) | ((0, 1), 3)
((5, 2), 3) | ((0, 1), 3)
((5, 3), 3) | ((0, 1), 3)
((5, 4, 'EAST', 'door-closed'), 3) | ('open', 1)
Feedback: no
((5, 4, 'EAST', 'door-closed'), 3) | ('open', 0)
((5, 4, 'EAST', 'door-open'), 3) | ((0, 1), 3)
BEGINNING EPISODE5
BEGINNING TRIAL
((1, 1), 3) | ((1, 0), 3)
((2, 1), 3) | ((1, 0), 3)
((3, 1), 3) | ((1, 0), 3)
((4, 1), 3) | ((1, 0), 3)
((5, 1), 3) | ((0, 1), 3)
((5, 2), 3) | ((0, 1), 3)
((5, 3), 3) | ((0, 1), 3)
((5, 4, 'EAST', 'door-closed'), 3) | ('open', 1)
Feedback: no
((5, 4, 'EAST', 'door-closed'), 3) | ('open', 0)
((5, 4, 'EAST', 'door-open'), 3) | ((0, 1), 3)
BEGINNING EPISODE6
BEGINNING TRIAL
((1, 1), 3) | ((1, 0), 3)
((2, 1), 3) | ((1, 0), 3)
((3, 1), 3) | ((1, 0), 3)
((4, 1), 3) | ((1, 0), 3)
((5, 1), 3) | ((0, 1), 3)
((5, 2), 3) | ((0, 1), 3)
((5, 3), 3) | ((0, 1), 3)
((5, 4, 'EAST', 'door-closed'), 3) | ('open', 1)
Feedback: no
((5, 4, 'EAST', 'door-closed'), 3) | ('open', 0)
((5, 4, 'EAST', 'door-open'), 3) | ((0, 1), 3)
BEGINNING EPISODE7
BEGINNING TRIAL
((1, 1), 3) | ((1, 0), 3)
((2, 1), 3) | ((1, 0), 3)
((3, 1), 3) | ((1, 0), 3)
((4, 1), 3) | ((1, 0), 3)
((5, 1), 3) | ((0, 1), 3)
((5, 2), 3) | ((0, 1), 3)
((5, 3), 3) | ((0, 1), 3)
((5, 4, 'EAST', 'door-closed'), 3) | ('open', 1)
Feedback: no
((5, 4, 'EAST', 'door-closed'), 3) | ('open', 0)
((5, 4, 'EAST', 'door-open'), 3) | ((0, 1), 3)
BEGINNING EPISODE8
BEGINNING TRIAL
((1, 1), 3) | ((1, 0), 3)
((2, 1), 3) | ((1, 0), 3)
((3, 1), 3) | ((1, 0), 3)
((4, 1), 3) | ((1, 0), 3)
((5, 1), 3) | ((0, 1), 3)
((5, 2), 3) | ((0, 1), 3)
((5, 3), 3) | ((0, 1), 3)
((5, 4, 'EAST', 'door-closed'), 3) | ('open', 1)
Feedback: no
((5, 4, 'EAST', 'door-closed'), 3) | ('open', 0)
((5, 4, 'EAST', 'door-open'), 3) | ((0, 1), 3)
BEGINNING EPISODE9
BEGINNING TRIAL
((1, 1), 3) | ((1, 0), 3)
((2, 1), 3) | ((1, 0), 3)
((3, 1), 3) | ((1, 0), 3)
((4, 1), 3) | ((1, 0), 3)
((5, 1), 3) | ((0, 1), 3)
((5, 2), 3) | ((0, 1), 3)
((5, 3), 3) | ((0, 1), 3)
((5, 4, 'EAST', 'door-closed'), 3) | ('open', 1)
Feedback: no
((5, 4, 'EAST', 'door-closed'), 3) | ('open', 0)
((5, 4, 'EAST', 'door-open'), 3) | ((0, 1), 3)
BEGINNING EPISODE10
BEGINNING TRIAL
((1, 1), 3) | ((1, 0), 3)
((2, 1), 3) | ((1, 0), 3)
((3, 1), 3) | ((1, 0), 3)
((4, 1), 3) | ((1, 0), 3)
((5, 1), 3) | ((0, 1), 3)
((5, 2), 3) | ((0, 1), 3)
((5, 3), 3) | ((0, 1), 3)
((5, 4, 'EAST', 'door-closed'), 3) | ('open', 0)
((5, 4, 'EAST', 'door-open'), 3) | ((0, 1), 3)
BEGINNING EPISODE11
BEGINNING TRIAL
((1, 1), 3) | ((1, 0), 3)
((2, 1), 3) | ((1, 0), 3)
((3, 1), 3) | ((1, 0), 3)
((4, 1), 3) | ((1, 0), 3)
((5, 1), 3) | ((0, 1), 3)
((5, 2), 3) | ((0, 1), 3)
((5, 3), 3) | ((0, 1), 3)
((5, 4, 'EAST', 'door-closed'), 3) | ('open', 0)
((5, 4, 'EAST', 'door-open'), 3) | ((0, 1), 3)
BEGINNING EPISODE12
BEGINNING TRIAL
((1, 1), 3) | ((1, 0), 3)
((2, 1), 3) | ((1, 0), 3)
((3, 1), 3) | ((1, 0), 3)
((4, 1), 3) | ((1, 0), 3)
((5, 1), 3) | ((0, 1), 3)
((5, 2), 3) | ((0, 1), 3)
((5, 3), 3) | ((0, 1), 3)
((5, 4, 'EAST', 'door-closed'), 3) | ('open', 0)
((5, 4, 'EAST', 'door-open'), 3) | ((0, 1), 3)
BEGINNING EPISODE13
BEGINNING TRIAL
((1, 1), 3) | ((1, 0), 3)
((2, 1), 3) | ((1, 0), 3)
((3, 1), 3) | ((1, 0), 3)
((4, 1), 3) | ((1, 0), 3)
((5, 1), 3) | ((0, 1), 3)
((5, 2), 3) | ((0, 1), 3)
((5, 3), 3) | ((0, 1), 3)
((5, 4, 'EAST', 'door-closed'), 3) | ('open', 0)
((5, 4, 'EAST', 'door-open'), 3) | ((0, 1), 3)
BEGINNING EPISODE14
BEGINNING TRIAL
((1, 1), 3) | ((1, 0), 3)
((2, 1), 3) | ((1, 0), 3)
((3, 1), 3) | ((1, 0), 3)
((4, 1), 3) | ((1, 0), 3)
((5, 1), 3) | ((0, 1), 3)
((5, 2), 3) | ((0, 1), 3)
((5, 3), 3) | ((0, 1), 3)
((5, 4, 'EAST', 'door-closed'), 3) | ('open', 0)
((5, 4, 'EAST', 'door-open'), 3) | ((0, 1), 3)
BEGINNING EPISODE15
BEGINNING TRIAL
((1, 1), 3) | ((1, 0), 3)
((2, 1), 3) | ((1, 0), 3)
((3, 1), 3) | ((1, 0), 3)
((4, 1), 3) | ((1, 0), 3)
((5, 1), 3) | ((0, 1), 3)
((5, 2), 3) | ((0, 1), 3)
((5, 3), 3) | ((0, 1), 3)
((5, 4, 'EAST', 'door-closed'), 3) | ('open', 0)
((5, 4, 'EAST', 'door-open'), 3) | ((0, 1), 3)
BEGINNING EPISODE16
BEGINNING TRIAL
((1, 1), 3) | ((1, 0), 3)
((2, 1), 3) | ((1, 0), 3)
((3, 1), 3) | ((1, 0), 3)
((4, 1), 3) | ((1, 0), 3)
((5, 1), 3) | ((0, 1), 3)
((5, 2), 3) | ((0, 1), 3)
((5, 3), 3) | ((0, 1), 3)
((5, 4, 'EAST', 'door-closed'), 3) | ('open', 0)
((5, 4, 'EAST', 'door-open'), 3) | ((0, 1), 3)
BEGINNING EPISODE17
BEGINNING TRIAL
((1, 1), 3) | ((1, 0), 3)
((2, 1), 3) | ((1, 0), 3)
((3, 1), 3) | ((1, 0), 3)
((4, 1), 3) | ((1, 0), 3)
((5, 1), 3) | ((0, 1), 3)
((5, 2), 3) | ((0, 1), 3)
((5, 3), 3) | ((0, 1), 3)
((5, 4, 'EAST', 'door-closed'), 3) | ('open', 0)
((5, 4, 'EAST', 'door-open'), 3) | ((0, 1), 3)
BEGINNING EPISODE18
BEGINNING TRIAL
((1, 1), 3) | ((1, 0), 3)
((2, 1), 3) | ((1, 0), 3)
((3, 1), 3) | ((1, 0), 3)
((4, 1), 3) | ((1, 0), 3)
((5, 1), 3) | ((0, 1), 3)
((5, 2), 3) | ((0, 1), 3)
((5, 3), 3) | ((0, 1), 3)
((5, 4, 'EAST', 'door-closed'), 3) | ('open', 0)
((5, 4, 'EAST', 'door-open'), 3) | ((0, 1), 3)
BEGINNING EPISODE19
BEGINNING TRIAL
((1, 1), 3) | ((1, 0), 3)
((2, 1), 3) | ((1, 0), 3)
((3, 1), 3) | ((1, 0), 3)
((4, 1), 3) | ((1, 0), 3)
((5, 1), 3) | ((0, 1), 3)
((5, 2), 3) | ((0, 1), 3)
((5, 3), 3) | ((0, 1), 3)
((5, 4, 'EAST', 'door-closed'), 3) | ('open', 0)
((5, 4, 'EAST', 'door-open'), 3) | ((0, 1), 3)
BEGINNING EPISODE20
BEGINNING TRIAL
((1, 1), 3) | ((1, 0), 3)
((2, 1), 3) | ((1, 0), 3)
((3, 1), 3) | ((1, 0), 3)
((4, 1), 3) | ((1, 0), 3)
((5, 1), 3) | ((0, 1), 3)
((5, 2), 3) | ((0, 1), 3)
((5, 3), 3) | ((0, 1), 3)
((5, 4, 'EAST', 'door-closed'), 3) | ('open', 0)
((5, 4, 'EAST', 'door-open'), 3) | ((0, 1), 3)
BEGINNING EPISODE21
BEGINNING TRIAL
((1, 1), 3) | ((1, 0), 3)
((2, 1), 3) | ((1, 0), 3)
((3, 1), 3) | ((1, 0), 3)
((4, 1), 3) | ((1, 0), 3)
((5, 1), 3) | ((0, 1), 3)
((5, 2), 3) | ((0, 1), 3)
((5, 3), 3) | ((0, 1), 3)
((5, 4, 'EAST', 'door-closed'), 3) | ('open', 0)
((5, 4, 'EAST', 'door-open'), 3) | ((0, 1), 3)
BEGINNING EPISODE22
BEGINNING TRIAL
((1, 1), 3) | ((1, 0), 3)
((2, 1), 3) | ((1, 0), 3)
((3, 1), 3) | ((1, 0), 3)
((4, 1), 3) | ((1, 0), 3)
((5, 1), 3) | ((0, 1), 3)
((5, 2), 3) | ((0, 1), 3)
((5, 3), 3) | ((0, 1), 3)
((5, 4, 'EAST', 'door-closed'), 3) | ('open', 0)
((5, 4, 'EAST', 'door-open'), 3) | ((0, 1), 3)
