21.0
32.0
73.33333
42.0
33.999996
40.0
54.999985
40.0
29.000004
53.0
24.000004
61.0
69.73265
54.542
83.29784
34.007767
85.00426
73.72951
18.017096
78.43538
64.710526
68.673325
65.9388
57.827393
65.01053
27.388885
42.373806
62.386093
14.185953
64.87532
61.576077
72.27182
39.471603
67.55423
64.621124
46.031128
33.857197
33.38314
70.436646
58.737125
65.58208
21.184124
73.781525
47.844505
80.58328
90.29236
36.137222
61.684364
78.42062
69.26457
82.89854
77.91049
71.906815
39.517952
47.32592
36.0
90.5516
83.4814
96.095665
88.13448
78.59337
83.48141
39.041824
93.96957
34.38874
78.6328
101.02368
57.847366
75.59216
67.04813
44.753403
24.840221
103.152916
57.84684
102.3876
103.240746
94.339554
84.91029
84.92212
97.253044
74.6801
86.47697
20.12556
83.10549
86.431694
91.429886
102.880585
77.638115
30.0
33.411526
104.42358
85.66429
90.13124
87.6127
70.554436
95.15901
59.23447
93.02531
99.471855
85.54717
85.31099
48.971703
86.54373
42.872765
108.26452
105.98863
76.58017
91.058586
48.072437
86.41522
87.952774
88.096405
44.09302
93.51045
41.27945
105.086136
94.66121
73.10911
71.821
94.61704
25.231457
30.295904
90.31911
89.64422
76.54735
86.64081
74.075615
70.07514
107.39761
86.20362
77.95576
25.489159
80.25068
44.553608
99.39787
30.0
30.682507
105.85109
96.92045
77.77685
78.041626
36.160725
104.839615
99.90015
87.703735
95.21347
34.867935
55.767937
57.0
30.659172
76.68957
79.2951
46.86387
57.0
92.03039
57.0
79.33151
70.90459
39.87175
97.88229
30.868511
34.875816
36.0
55.0
85.15223
106.0374
79.32647
59.872486
39.879196
44.8759
24.742542
80.3026
105.1993
43.882675
92.25995
41.93965
66.99663
43.107224
94.99888
87.969475
107.31646
93.32655
84.439926
87.64319
57.0
73.84653
85.938354
66.05212
91.26605
76.378075
91.33326
88.171104
83.515015
27.0
73.44057
56.325336
87.333305
44.565243
92.33321
30.0
54.104507
83.28969
86.95303
76.69679
80.33327
99.33181
71.33029
25.049484
92.66673
93.49291
91.33326
43.309185
40.099487
98.2651
28.0
88.33297
93.330086
83.63768
33.09417
76.33333
66.385925
83.57924
88.33048
25.045853
49.094513
30.0
88.33297
36.143173
23.191833
27.0
48.240494
40.578312
87.62243
31.52444
61.28105
40.328552
38.470802
113.272125
43.0
92.3333
87.93361
47.0
57.0
26.0
112.333115
40.423985
50.471703
31.51943
66.535065
97.556526
78.0
93.77769
36.84205
43.0
65.535065
78.748245
99.01851
61.461437
57.0
88.060684
33.0
104.2396
88.10467
93.33331
45.0
84.712036
44.600758
36.971085
31.647057
100.02632
44.739193
44.571186
93.33323
92.33238
30.0
104.33119
36.0
80.333305
92.33238
57.0
93.0
92.72246
44.7678
31.758291
97.0
72.99536
86.03847
94.33181
93.33321
25.706366
31.750711
63.590107
28.734428
103.82762
93.88643
97.0
36.55613
78.0
90.0524
112.94512
106.333115
93.33321
40.76162
26.804081
44.84654
90.33713
61.491707
48.689926
59.730663
83.0
54.771393
50.0
83.0
31.676155
91.33326
92.33321
76.73753
106.329895
44.121212
111.0
99.33323
32.0
104.51227
87.04958
97.33238
78.0
66.64905
115.23866
44.512505
25.702312
47.482906
100.63026
106.68768
97.0
110.021736
26.72734
72.09905
74.13734
77.33333
23.842426
91.33326
21.880816
51.919205
95.29073
65.625
98.0
31.995985
93.33321
86.333305
41.03437
74.40608
111.0
73.44446
112.333115
88.33297
94.33181
49.14955
92.33321
98.05258
70.0
78.0
