33.0
60.87195
70.05382
66.73257
12.400434
67.42141
62.42498
52.773163
68.49016
15.074509
22.416561
18.025948
55.98886
78.902435
73.09996
68.45974
90.39161
25.345526
78.96149
94.15709
69.28781
76.72458
75.758675
91.70013
57.770004
60.905052
83.86032
80.71376
30.430204
81.79904
55.07815
88.80594
89.533226
66.08785
66.816734
78.50179
18.210611
67.33328
74.99074
10.241152
17.966072
69.106544
21.58854
18.667412
67.06941
6.0
17.913708
17.855087
80.41656
24.87727
80.67681
95.949524
75.99588
66.27974
74.70409
92.059456
89.25534
47.369972
87.90468
78.60463
30.371817
68.81784
69.31095
15.0
10.0
77.34868
61.513004
12.327407
19.553555
71.48099
72.63762
82.64104
65.82367
63.665295
22.799795
16.0
46.477627
16.0
11.0
64.79537
71.43912
33.540176
82.36563
15.0
8.0
56.63399
73.695274
21.594738
55.459232
17.0
86.96935
64.48073
74.106384
82.46271
74.07902
16.0
81.859985
74.534485
63.10802
10.0
92.45266
12.175996
21.8055
89.31997
46.021908
25.0
87.24455
24.0
83.11058
85.27412
11.0
65.45904
78.18082
57.772232
24.0
14.501707
35.829025
68.76276
62.45674
60.41792
54.20888
11.0
64.74454
58.737404
58.73061
57.94527
35.178734
13.0
78.808426
79.17938
82.76765
45.252663
26.0
72.348816
60.746445
68.299545
19.007914
8.0
57.975258
67.11948
60.329338
58.178497
34.0
13.0
82.68481
13.0
58.42839
86.91774
78.27411
38.911045
