59.416652524593786
25.25
21.25
46.25
22.5
22.5
45.0
32.5
22.5
45.0
31.75
39.0
35.75
32.5
43.75
50.25
55.0
55.0
40.25
35.75
30.75
43.25
23.105435174252058
25.15424444056046
12.427167471076435
32.00867100672695
14.629243755361347
11.936440277470307
32.58376130049913
13.44245715177604
23.327952117290256
23.22887668510443
18.133313246695998
22.031434740676296
20.0
11.248010528021366
21.337244414048136
15.370252562832817
18.6380218747908
14.287514104480302
15.0
10.427205543103963
11.235328454474054
9.0
21.208210779570905
13.0
45.59437810879064
45.59437810879064
45.59437810879064
45.59437810879064
45.59437810879064
45.59437810879064
45.59438
9.179167
23.179169
22.370464
19.167479
13.0
22.1436
11.0
14.121094
25.55992
8.0
20.258963
29.16504
23.880486
28.832779
28.873
35.21078
15.583767
16.14362
56.550243
20.0
80.33188
84.57915
85.10904
82.05368
80.681114
81.459404
