46.0
56.0
48.0
48.0
38.0
50.0
55.0
50.0
58.0
45.0
56.0
47.0
47.0
46.0
47.0
53.0
58.0
44.0
44.0
43.0
47.0
44.0
54.0
45.0
45.0
45.0
45.0
45.0
50.0
45.0
46.0
46.0
53.0
53.0
55.0
46.0
46.0
45.0
54.0
45.0
49.0
45.0
46.0
49.0
47.0
47.0
52.0
48.0
47.0
54.0
46.0
46.0
49.0
46.0
46.0
48.0
49.0
45.0
48.0
54.0
44.0
45.0
48.0
53.0
44.0
44.0
44.0
47.0
48.0
45.0
49.0
44.0
47.0
48.0
45.0
46.0
54.0
45.0
45.0
45.0
45.0
45.0
46.0
45.0
54.0
49.0
51.0
45.0
45.0
45.0
52.0
56.0
51.0
45.0
45.0
45.0
48.0
53.0
53.0
47.0
