146.0,
136.0,
48.0,
33.0,
118.0,
136.0,
123.0,
137.0,
109.0,
41.0,
55.0,
82.0,
138.0,
94.0,
38.0,
101.0,
129.0,
101.0,
100.0,
118.0,
101.0,
112.0,
108.0,
85.0,
92.0,
100.0,
97.0,
122.0,
104.0,
38.0,
104.0,
117.0,
100.0,
128.0,
117.0,
128.0,
110.0,
38.0,
94.0,
123.0,
127.0,
106.0,
104.0,
37.0,
57.0,
125.0,
83.0,
120.0,
124.0,
111.0,
41.0,
136.0,
31.0,
52.0,
119.0,
115.0,
32.0,
114.0,
93.0,
101.0,
103.0,
32.0,
111.0,
100.0,
117.0,
50.0,
95.0,
38.0,
123.0,
108.0,
36.0,
124.0,
94.0,
101.0,
53.0,
97.0,
42.0,
96.0,
47.0,
94.0,
97.0,
42.0,
81.0,
51.0,
108.0,
112.0,
110.0,
115.0,
98.0,
105.0,
130.0,
85.0,
32.0,
48.0,
106.0,
115.0,
44.0,
40.0,
112.0,
32.0,
32.0,
50.0,
53.0,
36.0,
139.0,
39.0,
33.0,
98.0,
84.0,
38.0,
99.0,
115.0,
133.0,
41.0,
110.0,
116.0,
53.0,
103.0,
30.0,
138.0,
38.0,
43.0,
101.0,
51.0,
107.0,
117.0,
43.0,
127.0,
116.0,
129.0,
39.0,
43.0,
38.0,
114.0,
109.0,
111.0,
107.0,
111.0,
55.0,
38.0,
122.0,
40.0,
123.0,
114.0,
106.0,
117.0,
78.0,
38.0,
38.0,
33.0,
117.0,
41.0,
32.0,
78.0,
103.0,
38.0,
104.0,
39.0,
113.0,
100.0,
33.0,
124.0,
87.0,
35.0,
34.0,
28.0,
143.0,
42.0,
40.0,
17.0,
117.0,
121.0,
111.0,
29.0,
78.0,
148.0,
123.0,
118.0,
108.0,
68.0,
108.0,
118.0,
124.0,
126.0,
82.0,
45.0,
118.0,
121.0,
97.0,
121.0,
116.0,
91.0,
53.0,
28.0,
58.0,
110.0,
116.0,
38.0,
122.0,
89.0,
44.0,
130.0,
108.0,
121.0,
108.0,
112.0,
124.0,
121.0,
150.0,
95.0,
49.0,
110.0,
35.0,
106.0,
49.0,
117.0,
58.0,
83.0,
89.0,
86.0,
101.0,
46.0,
78.0,
133.0,
47.0,
42.0,
50.0,
114.0,
82.0,
115.0,
38.0,
112.0,
46.0,
89.0,
36.0,
121.0,
105.0,
36.0,
43.0,
95.0,
35.0,
122.0,
48.0,
33.0,
101.0,
119.0,
84.0,
126.0,
121.0,
117.0,
109.0,
101.0,
39.0,
53.0,
41.0,
36.0,
30.0,
100.0,
33.0,
39.0,
107.0,
93.0,
90.0,
96.0,
44.0,
40.0,
88.0,
101.0,
47.0,
38.0,
38.0,
36.0,
96.0,
39.0,
116.0,
123.0,
84.0,
34.0,
104.0,
110.0,
34.0,
101.0,
39.0,
33.0,
111.0,
95.0,
114.0,
57.0,
102.0,
55.0,
128.0,
124.0,
119.0,
101.0,
43.0,
53.0,
39.0,
115.0,
41.0,
113.0,
34.0,
128.0,
94.0,
34.0,
141.0,
118.0,
107.0,
46.0,
34.0,
85.0,
46.0,
111.0,
113.0,
70.0,
86.0,
131.0,
116.0,
113.0,
117.0,
57.0,
96.0,
78.0,
38.0,
42.0,
49.0,
104.0,
92.0,
102.0,
107.0,
122.0,
110.0,
90.0,
38.0,
32.0,
109.0,
113.0,
112.0,
112.0,
92.0,
121.0,
98.0,
129.0,
97.0,
115.0,
145.0,
109.0,
102.0,
42.0,
102.0,
54.0,
117.0,
96.0,
52.0,
42.0,
93.0,
114.0,
98.0,
120.0,
103.0,
47.0,
38.0,
37.0,
36.0,
38.0,
44.0,
123.0,
83.0,
116.0,
28.0,
38.0,
28.0,
82.0,
70.0,
51.0,
140.0,
39.0,
36.0,
51.0,
45.0,
110.0,
40.0,
124.0,
122.0,
118.0,
116.0,
98.0,
109.0,
86.0,
121.0,
37.0,
40.0,
110.0,
128.0,
102.0,
36.0,
77.0,
30.0,
28.0,
98.0,
120.0,
36.0,
83.0,
115.0,
46.0,
103.0,
46.0,
112.0,
95.0,
107.0,
47.0,
124.0,
49.0,
32.0,
115.0,
105.0,
57.0,
106.0,
115.0,
117.0,
106.0,
83.0,
46.0,
46.0,
34.0,
124.0,
41.0,
31.0,
109.0,
100.0,
30.0,
36.0,
67.0,
47.0,
40.0,
113.0,
48.0,
111.0,
114.0,
57.0,
89.0,
40.0,
106.0,
106.0,
31.0,
36.0,
83.0,
42.0,
115.0,
113.0,
78.0,
121.0,
114.0,
110.0,
108.0,
81.0,
108.0,
94.0,
115.0,
95.0,
126.0,
105.0,
41.0,
36.0,
48.0,
101.0,
46.0,
108.0,
109.0,
30.0,
113.0,
132.0,
113.0,
123.0,
57.0,
119.0,
112.0,
113.0,
119.0,
96.0,
95.0,
40.0,
82.0,
110.0,
40.0,
36.0,
30.0,
45.0,
92.0,
132.0,
29.0,
111.0,
92.0,
77.0,
94.0,
44.0,
116.0,
120.0,
118.0,
81.0,
110.0,
105.0,
