100.0
100.716385
47.23522
21.617615
73.47763
114.65733
82.741135
83.77165
69.85393
34.247047
56.741135
74.86217
99.80204
56.26522
35.49409
70.96709
110.8003
74.26111
84.494095
89.77161
63.23059
78.650215
96.494095
69.26521
60.26362
98.88846
86.610886
82.52452
73.97944
31.247046
73.962975
115.55495
96.09053
106.121124
105.76971
110.916336
85.864655
35.49409
98.916336
86.49409
98.22503
94.494095
77.16075
39.91634
43.494095
90.864655
78.63878
90.49409
80.07446
75.98354
41.97532
112.671326
26.95817
41.97532
87.24705
87.741135
25.247046
121.235725
84.58038
90.63878
90.98355
24.991776
67.31688
99.903656
120.23572
51.741135
82.0
31.247046
104.68348
113.19014
31.95817
99.991776
83.23573
72.991776
43.74114
79.916336
39.49409
65.0
46.61761
89.24705
95.583
44.971207
76.3251
48.494087
100.24705
83.580376
98.916336
96.666664
101.0
74.65844
109.19014
65.0
48.23573
41.247047
93.37057
120.16235
43.617615
37.49409
83.23573
24.991776
25.247046
51.741135
43.74113
33.49409
107.43824
41.916336
26.247046
80.0
81.37057
31.247046
94.63878
96.63878
112.916336
34.247047
100.494095
89.58038
43.74113
60.63878
23.63878
121.56906
40.91634
48.23573
96.24705
54.864655
97.24794
105.27756
54.59695
99.991776
96.0
116.23573
46.983543
40.49409
51.916336
120.843
81.991776
87.991776
118.27756
115.5244
56.741135
35.49409
84.58038
37.49409
109.84387
112.090904
110.857864
84.82742
80.0
35.49409
31.247046
27.987663
80.91371
34.247047
24.991776
80.0
94.24705
43.23573
87.24705
44.23573
88.24705
75.97532
33.0
88.24705
59.991776
28.63878
27.247046
21.247046
90.63878
39.49409
42.91634
21.247046
102.494095
100.237366
122.94422
22.247046
80.0
119.27756
96.24704
87.24705
81.991776
59.991776
119.27756
87.24705
96.63878
102.98766
80.0
56.596954
124.842094
100.91371
108.27756
96.63878
88.24705
98.23573
43.741135
28.0
46.617615
118.17708
104.246376
35.49409
102.494095
77.63878
43.61761
103.23325
107.89794
95.24705
103.27756
108.52438
119.27756
92.49409
92.88543
84.27756
54.98766
88.0
35.59695
94.0
52.864655
98.91371
46.61761
59.63878
87.62483
65.0
114.21376
43.49409
80.0
117.409294
33.494087
51.277557
51.741135
87.991776
65.666664
126.94423
35.49409
93.0
51.98818
102.596535
34.277557
87.24705
88.0
33.49409
40.49409
79.0
44.277557
92.49409
49.741135
33.0
107.27756
96.24705
80.0
106.666664
95.24705
87.61761
95.0
96.24705
38.617615
43.74114
46.23573
33.49409
23.63878
95.97211
26.63878
45.370567
107.89794
76.666664
78.666664
72.24705
43.617615
40.0
94.58038
98.7039
33.494087
35.49409
35.494087
34.277557
82.0
38.61761
120.82913
104.0
90.63878
29.95817
87.596954
104.596725
31.494091
96.91371
46.983543
26.247046
117.31472
78.0
127.595215
43.494095
80.0
49.988182
110.524536
100.0
98.0
99.0
48.235733
43.74114
46.983543
85.991776
34.247047
128.91634
27.247046
97.91353
96.33333
38.63878
117.52282
99.494095
77.63878
43.494095
31.494087
65.666664
54.494095
93.0
101.189026
53.98818
62.987663
104.0
111.84392
124.27756
87.24705
43.494087
81.98354
80.0
42.247047
51.277557
52.864655
85.58461
103.27756
78.666664
75.24705
105.0
96.0
94.916336
35.49409
24.991776
113.523705
90.98766
91.0
93.33333
78.0
93.63878
100.0
97.24704
78.666664
92.58038
101.666664
89.666664
82.0
51.277557
104.0
46.864655
92.666664
80.33333
49.49409
35.247047
85.59695
97.62483
80.666664
104.0
107.57457
33.49409
35.49409
50.916336
33.49409
31.247046
55.596954
88.24705
78.63878
87.24705
28.0
35.49409
28.0
80.0
53.98818
48.494095
120.59682
46.983543
40.247044
48.49409
38.247047
92.91359
49.277557
100.666664
105.5796
114.8433
92.24705
116.51045
87.24705
82.0
96.24705
37.59695
42.91634
99.494095
95.24705
99.37057
40.247044
65.33333
30.0
28.0
104.843056
105.580376
40.247044
78.24705
115.18903
46.0
118.524506
50.247047
94.33333
90.58038
79.63878
33.494087
98.249664
48.617615
25.247046
120.27756
93.33333
43.494087
104.0
90.580376
105.24705
88.33333
85.0
46.0
54.494095
38.63878
104.0
34.247047
31.0
89.33333
95.24705
30.0
40.247047
57.74114
33.494087
42.916336
92.0
41.247047
90.24705
106.5787
43.494095
99.94411
49.97943
94.33333
80.33333
31.0
45.27756
64.666664
50.49409
122.27756
91.24705
65.33333
132.91438
92.97211
82.24705
89.33333
78.0
83.33333
71.24705
92.58038
78.97211
117.27756
85.24705
52.97532
40.247047
51.99177
83.333336
52.370567
83.24705
82.24705
30.0
112.58128
90.580376
94.0
118.646286
43.494087
107.0
118.944214
94.33333
92.0
81.333336
79.0
40.0
64.0
86.37057
44.247044
40.247047
23.63878
50.235733
105.59636
114.610886
22.247046
122.27756
106.26362
82.27756
105.27756
44.0
129.59512
108.52371
105.91371
83.0
81.24705
87.33333
