21.0
32.0
71.999985
40.0
34.0
36.0
57.66664
40.0
31.000008
51.003143
24.003857
63.007576
68.03822
60.17594
81.31345
36.2558
92.95598
82.31386
20.334698
88.989235
68.45149
75.82752
66.92454
59.043465
72.17906
34.5028
39.97312
66.067825
56.037186
20.581806
66.22757
60.240395
77.03663
43.48056
74.741875
86.61435
61.525772
82.98003
42.155304
34.008804
81.82738
41.006805
75.21924
56.28486
61.35304
22.008976
77.52714
51.281918
81.71231
90.35704
42.369324
56.718872
81.419945
69.80379
87.45621
78.34558
70.67883
43.059185
50.692513
30.664291
82.37637
69.148926
99.073166
75.98848
76.47059
68.697655
47.667305
33.835472
73.72947
31.586765
56.98636
89.57767
52.482067
63.427406
54.40542
43.157726
25.21793
87.7514
54.16154
94.02662
93.394135
78.65851
68.964554
72.06561
90.066635
57.08293
75.09449
19.960102
61.29158
62.170982
72.352295
96.75476
55.476494
19.850245
33.16999
81.688705
74.13312
76.22397
76.7401
55.698196
84.227776
53.714718
78.54323
88.28114
78.00005
70.92736
43.393547
73.10149
37.33744
89.504944
94.88776
67.97752
67.16008
42.48488
73.68288
76.37129
76.59259
39.011864
75.12018
44.36289
94.62272
73.664085
52.86435
65.80321
82.08536
25.313135
30.302471
69.684326
80.92618
54.545547
75.8064
64.504005
63.61258
81.38749
84.15572
70.20996
25.385244
65.31074
38.866104
92.795525
24.446404
30.586493
83.28345
77.66678
70.153656
70.62835
34.637123
93.82826
89.20652
83.35234
77.46173
34.67037
53.082947
52.072548
30.70037
70.38906
65.65317
42.412716
54.32234
78.05835
50.57095
65.7396
64.45708
34.503998
83.56137
30.427685
34.677567
30.7199
44.52446
79.65512
91.43935
65.703094
51.76584
37.40436
44.248787
17.588552
72.26118
96.17782
38.264565
84.49934
36.203243
57.288364
41.961235
81.81818
74.65177
86.77435
71.92409
79.88689
73.60289
50.87375
59.74639
84.25791
56.991825
79.170815
61.060036
78.1181
70.50589
80.50975
21.412064
66.31166
49.33573
74.08563
35.596024
82.489204
26.631355
47.85459
79.1996
73.71968
64.48762
57.037056
79.88248
64.45656
24.499443
75.581085
80.81583
77.38889
45.90317
33.90575
88.89853
16.339046
71.0256
70.02748
83.47863
31.984573
72.67961
48.908283
79.361145
82.79165
24.47148
43.002388
26.368477
68.66728
30.019524
22.487974
21.516838
42.0914
40.865562
68.953094
28.921337
49.658913
33.96466
38.22571
99.65518
31.981405
81.80873
71.92795
36.035797
49.964935
20.491575
84.86496
34.0375
43.997185
30.478964
52.282433
79.123634
67.33775
83.014
27.850666
28.040638
42.85523
60.283424
82.39868
51.557793
48.566383
68.019424
19.262417
86.58157
68.04659
84.713486
36.339523
61.402245
40.623913
25.233622
30.413507
91.83866
37.925377
41.889847
74.31359
73.64666
24.451511
94.81022
30.458014
54.79505
72.35831
48.841476
69.29586
73.343414
38.006973
26.87856
81.138664
64.948166
80.514435
74.48485
82.24575
24.55649
30.579918
55.80153
27.584784
88.418106
83.329254
81.95012
34.30934
67.93828
73.93852
100.81782
82.725784
93.24432
84.88268
34.47123
82.03556
