34.0
92.141754
34.434914
65.42085
16.773159
71.294266
25.978996
17.023935
53.82596
35.931618
33.039124
71.12765
18.385706
14.4159355
71.55731
67.56434
66.52154
45.62816
14.929422
50.59686
62.30129
85.22747
68.96853
26.076557
77.95383
65.47363
20.681038
63.389797
90.03726
62.305584
65.099335
82.44901
70.13436
78.079605
22.495497
14.1135645
65.32149
47.258007
89.75013
71.6047
82.08193
23.397305
71.700035
80.23849
36.0
59.493496
16.48233
23.812363
42.596756
67.52158
9.559619
80.704544
17.526836
17.0
90.12238
66.944534
67.43756
58.726448
23.669447
72.98248
18.469158
25.0
27.448795
72.36261
57.26409
46.28269
79.62503
80.01088
76.56
9.570055
89.6808
69.91701
75.080925
79.28448
62.330303
60.241665
70.13225
80.02612
13.292967
82.48505
85.53745
76.49921
35.156754
67.43088
63.023666
76.03655
45.0455
62.10797
28.479298
63.52086
58.003426
27.0
83.70325
59.917683
31.177889
10.0
35.17486
19.0
8.554738
77.09409
19.0
8.0
17.0
26.338215
12.162046
16.0
80.45396
46.13994
12.159487
28.0
76.60408
82.69457
66.59267
90.08516
27.0
82.328156
71.3797
71.52358
20.145687
53.20849
82.71102
43.821762
91.74137
63.89309
89.68263
69.43357
59.45539
43.499718
66.93732
81.450455
78.58511
82.72523
10.0
80.44416
16.133648
68.44467
25.468536
93.64448
80.441635
80.43862
15.194832
82.436134
85.69431
10.0
77.46311
28.582857
59.92508
13.440881
79.33318
54.028355
18.123985
22.428263
81.56305
90.785805
80.332
90.7432
10.0
80.332
29.416681
57.33326
12.062907
82.8316
72.72803
18.38485
19.154331
68.29786
80.31917
20.0
88.141075
67.17944
81.42508
17.366014
15.357367
36.0
73.0
66.0
81.329895
74.41058
86.24524
63.33326
45.333332
79.3312
76.91327
26.0
25.341118
58.5804
68.24715
10.0
81.329895
78.65883
81.13177
68.33119
78.33165
80.33165
16.0
73.654755
66.65244
10.0
63.902283
59.333237
67.10415
69.33326
15.0
68.33119
27.312433
57.333237
93.17189
13.306165
77.0
81.118935
82.0
31.0
85.01314
56.333275
85.008804
68.81157
79.332
58.33333
19.30017
26.0
89.13164
