23.1
107.0
49.3
96.1
15.0
90.3
32.2
15.0
77.4
51.2
29.8
85.2
16.0
13.0
94.9
89.5
83.2
77.6
14.1
77.7
64.5
85.1
74.2
34.0
87.3
70.3
30.0
76.3
91.7
63.0
75.1
85.4
72.7
80.1
22.0
14.0
66.4
53.6
94.6
72.5
84.7
24.1
70.6
85.7
36.0
64.8
16.0
23.0
42.0
71.7
10.1
84.5
18.1
17.0
89.3
68.0
68.9
72.1
23.0
71.1
18.0
25.0
28.1
70.7
58.6
47.9
79.8
80.1
79.1
9.0
91.5
72.8
72.4
82.3
66.3
59.0
69.7
79.8
13.0
86.4
83.8
73.4
35.0
74.2
64.4
74.4
50.5
65.3
28.0
65.8
59.0
27.0
82.9
58.6
31.0
10.0
35.0
19.0
8.0
79.3
19.0
8.0
17.0
28.2
13.1
16.0
78.4
48.8
12.0
28.0
74.5
80.0
66.2
88.5
27.0
81.5
71.2
72.8
20.0
55.8
83.0
48.1
91.2
61.4
90.7
68.2
59.2
43.0
67.7
81.2
76.9
82.0
10.0
78.3
16.0
70.7
25.0
92.3
81.5
78.6
15.0
82.6
85.7
10.0
77.7
29.1
58.4
13.0
79.2
59.2
18.0
23.1
81.0
91.8
82.7
92.3
10.0
78.3
29.0
60.4
12.0
80.6
72.1
18.0
19.0
67.6
79.7
20.0
87.7
66.5
80.8
17.0
16.1
36.0
73.2
65.4
82.4
73.1
86.9
63.1
45.1
78.7
77.7
26.0
25.0
58.6
67.1
10.0
82.6
79.5
82.5
69.2
77.1
80.2
16.0
72.5
65.7
10.0
64.3
59.8
66.6
68.0
15.0
68.2
28.1
56.9
94.8
13.0
77.4
80.4
82.2
31.0
86.4
57.4
84.9
67.8
78.8
57.7
19.0
26.0
90.7
