16.0
65.0
60.0
70.0
79.9989
72.66667
68.0
32.0
87.99985
72.0
70.99996
26.0
45.0
87.99927
77.0
40.0
81.66667
65.0
24.0
28.0
91.99939
85.0
37.0
64.0
92.0
36.0
68.0
26.0
71.0
24.0
64.0
67.0
33.0
73.33333
84.99989
78.0
82.0
84.99989
78.99983
80.99939
16.0
58.0
64.0
55.0
83.99934
26.0
59.0
28.0
67.0
26.0
26.0
54.666664
59.333336
22.0
30.0
27.0
77.99933
68.66667
68.66667
67.999985
87.99984
66.0
66.0
28.0
55.0
51.0
75.0
32.0
38.0
72.0
24.0
82.999344
34.0
82.999985
68.0
64.0
82.66666
35.0
75.99902
87.999275
30.0
18.0
32.0
75.33331
77.33334
77.0
29.0
72.9999
44.0
59.0
19.0
59.0
59.0
19.0
75.99981
76.0
79.99995
76.99939
22.0
71.0
96.99907
63.0
37.0
82.99998
24.0
38.0
43.0
38.0
74.999954
24.0
40.0
35.0
28.0
71.99981
90.666595
19.0
88.999985
74.0
27.0
62.0
57.0
20.0
70.0
69.33333
81.0
70.0
76.33321
69.0
75.0
29.0
83.99963
52.0
76.99992
59.0
76.33333
34.0
34.0
75.66667
67.0
24.0
73.0
36.0
94.999306
64.0
23.0
23.0
16.0
73.66666
87.999954
96.665695
44.0
75.33333
32.0
82.0
87.0
36.0
78.99928
81.0
26.0
45.0
68.0
68.0
52.0
93.66649
77.66667
83.999405
36.0
61.0
88.99927
37.0
26.0
36.0
26.0
56.0
58.666664
31.0
24.0
51.0
72.0
74.0
74.0
80.999405
59.33333
34.0
39.333336
50.0
69.333336
90.999985
81.33255
63.333336
88.99982
76.99996
73.999985
56.0
69.0
28.0
22.0
63.0
50.0
16.0
66.66666
76.0
74.99997
18.0
39.0
34.0
38.0
77.0
41.0
67.0
77.9993
14.0
88.9998
75.0
77.0
58.0
70.99999
91.999985
44.0
90.99938
57.0
34.0
79.0
86.0
51.0
66.0
29.0
18.0
36.0
68.66666
68.666664
35.0
74.99998
58.0
41.0
76.999916
62.0
28.0
38.0
73.0
32.0
54.0
36.0
77.332535
76.9998
28.0
41.666664
31.0
55.0
47.0
34.0
63.0
74.66667
73.999954
68.0
26.0
30.0
79.66666
89.99991
57.0
67.33333
22.0
26.0
69.0
28.0
33.0
28.0
67.0
68.0
55.0
74.99997
90.99927
33.0
61.0
91.999954
52.0
61.0
40.0
36.0
77.99982
34.0
38.0
67.99999
33.0
73.0
75.0
76.0
96.99928
32.0
69.0
78.66666
68.0
96.999306
42.0
37.0
80.0
24.0
70.0
92.999306
99.66608
53.0
89.99991
73.99998
75.66667
45.0
91.999916
66.33333
28.0
59.0
55.0
73.99998
83.33333
73.33333
89.99981
89.99998
73.999985
26.0
78.33333
24.0
56.0
18.0
55.666664
60.666664
84.33333
14.0
57.666664
28.0
16.0
83.66667
60.666664
68.0
35.0
74.0
34.0
93.99982
77.66667
79.33333
30.0
36.0
68.0
34.0
80.33333
60.0
64.0
16.0
79.0
36.0
76.99939
82.99984
35.0
92.9998
55.0
80.9993
95.66607
72.99999
86.0
76.99981
18.0
55.0
74.66664
61.0
36.0
80.99985
55.0
35.0
40.0
34.0
36.0
70.0
61.0
36.0
35.0
75.0
79.66666
46.0
65.66666
65.33333
57.0
24.0
85.6661
55.666664
58.0
34.0
35.0
76.99984
16.0
69.0
72.0
71.999985
26.0
91.99997
89.999405
72.0
62.0
36.0
92.99927
78.0
38.0
85.33327
83.0
69.33333
32.0
43.0
18.0
77.0
79.33333
53.0
60.0
85.999985
67.33333
77.66667
84.66665
76.66667
70.0
61.0
72.66666
69.0
83.0
35.0
66.33333
66.33333
72.0
70.0
24.0
28.0
34.0
71.99999
88.99999
67.0
74.0
87.99998
34.0
56.0
34.0
91.99982
43.666664
24.0
57.0
64.666664
73.66667
36.0
81.0
64.0
43.0
58.0
63.0
32.0
73.0
26.0
54.0
18.0
35.0
16.0
92.99999
96.999374
26.0
76.99982
71.0
40.0
93.99984
71.0
24.0
28.0
75.66667
82.0
76.99992
36.0
81.0
81.33313
28.0
93.99992
39.0
22.0
68.0
26.0
42.0
24.0
72.0
76.66666
69.0
68.0
78.99985
32.0
89.99985
44.0
93.99982
52.0
72.66666
64.666664
26.0
93.999306
64.0
73.66667
91.666664
20.0
56.0
19.0
14.0
56.0
27.0
55.0
