32.0,
92.0,
107.0,
105.0,
134.0,
121.0,
124.0,
44.0,
144.0,
122.0,
130.0,
53.0,
69.0,
140.0,
136.0,
73.0,
136.0,
117.0,
40.0,
45.0,
147.0,
142.0,
97.0,
120.0,
146.0,
48.0,
123.0,
40.0,
105.0,
40.0,
109.0,
112.0,
47.0,
142.0,
142.0,
138.0,
135.0,
143.0,
127.0,
125.0,
33.0,
127.0,
117.0,
86.0,
139.0,
41.0,
113.0,
44.0,
106.0,
42.0,
41.0,
104.0,
117.0,
26.0,
46.0,
40.0,
134.0,
120.0,
133.0,
120.0,
147.0,
113.0,
125.0,
45.0,
87.0,
85.0,
147.0,
56.0,
61.0,
137.0,
30.0,
133.0,
60.0,
138.0,
116.0,
113.0,
141.0,
39.0,
141.0,
130.0,
48.0,
35.0,
55.0,
145.0,
136.0,
122.0,
42.0,
139.0,
55.0,
110.0,
37.0,
134.0,
122.0,
36.0,
110.0,
143.0,
142.0,
131.0,
49.0,
127.0,
156.0,
89.0,
53.0,
131.0,
39.0,
72.0,
101.0,
52.0,
102.0,
39.0,
53.0,
46.0,
41.0,
143.0,
147.0,
36.0,
142.0,
121.0,
41.0,
100.0,
109.0,
36.0,
113.0,
108.0,
117.0,
128.0,
108.0,
105.0,
132.0,
45.0,
145.0,
84.0,
108.0,
99.0,
114.0,
50.0,
60.0,
129.0,
104.0,
50.0,
130.0,
51.0,
146.0,
115.0,
28.0,
39.0,
33.0,
107.0,
136.0,
141.0,
57.0,
142.0,
46.0,
137.0,
135.0,
61.0,
105.0,
131.0,
41.0,
69.0,
131.0,
120.0,
93.0,
148.0,
146.0,
148.0,
61.0,
101.0,
128.0,
51.0,
41.0,
48.0,
42.0,
90.0,
109.0,
43.0,
38.0,
94.0,
153.0,
114.0,
111.0,
131.0,
110.0,
60.0,
91.0,
83.0,
119.0,
135.0,
128.0,
85.0,
145.0,
125.0,
129.0,
107.0,
106.0,
41.0,
38.0,
99.0,
83.0,
34.0,
94.0,
112.0,
137.0,
35.0,
90.0,
57.0,
94.0,
135.0,
105.0,
112.0,
118.0,
31.0,
143.0,
114.0,
126.0,
114.0,
123.0,
149.0,
76.0,
150.0,
105.0,
47.0,
135.0,
158.0,
107.0,
86.0,
53.0,
35.0,
51.0,
122.0,
118.0,
46.0,
100.0,
109.0,
98.0,
152.0,
101.0,
41.0,
81.0,
132.0,
56.0,
105.0,
48.0,
141.0,
120.0,
42.0,
89.0,
44.0,
93.0,
59.0,
57.0,
103.0,
127.0,
118.0,
132.0,
41.0,
45.0,
115.0,
156.0,
111.0,
117.0,
38.0,
41.0,
106.0,
45.0,
45.0,
54.0,
110.0,
103.0,
90.0,
146.0,
137.0,
47.0,
116.0,
148.0,
84.0,
86.0,
53.0,
48.0,
127.0,
57.0,
58.0,
125.0,
47.0,
120.0,
115.0,
129.0,
142.0,
56.0,
106.0,
110.0,
125.0,
150.0,
75.0,
49.0,
122.0,
41.0,
116.0,
138.0,
147.0,
99.0,
156.0,
111.0,
131.0,
58.0,
154.0,
111.0,
54.0,
89.0,
87.0,
111.0,
131.0,
139.0,
147.0,
139.0,
150.0,
41.0,
113.0,
39.0,
116.0,
35.0,
108.0,
115.0,
145.0,
31.0,
93.0,
41.0,
33.0,
127.0,
119.0,
112.0,
50.0,
127.0,
57.0,
161.0,
127.0,
141.0,
45.0,
53.0,
110.0,
57.0,
118.0,
96.0,
110.0,
21.0,
131.0,
57.0,
129.0,
130.0,
65.0,
154.0,
104.0,
114.0,
129.0,
120.0,
160.0,
111.0,
35.0,
90.0,
133.0,
127.0,
47.0,
116.0,
103.0,
48.0,
53.0,
47.0,
58.0,
109.0,
123.0,
47.0,
50.0,
109.0,
136.0,
66.0,
96.0,
101.0,
106.0,
38.0,
144.0,
91.0,
100.0,
51.0,
50.0,
136.0,
33.0,
122.0,
118.0,
110.0,
41.0,
154.0,
125.0,
101.0,
128.0,
60.0,
154.0,
109.0,
61.0,
145.0,
121.0,
126.0,
49.0,
103.0,
34.0,
120.0,
110.0,
85.0,
128.0,
133.0,
102.0,
131.0,
123.0,
125.0,
116.0,
113.0,
134.0,
118.0,
134.0,
46.0,
98.0,
113.0,
123.0,
104.0,
39.0,
45.0,
57.0,
125.0,
144.0,
102.0,
126.0,
156.0,
60.0,
108.0,
60.0,
146.0,
106.0,
39.0,
92.0,
112.0,
117.0,
53.0,
100.0,
105.0,
102.0,
84.0,
117.0,
45.0,
134.0,
41.0,
112.0,
34.0,
46.0,
33.0,
148.0,
143.0,
41.0,
130.0,
107.0,
52.0,
148.0,
138.0,
41.0,
42.0,
117.0,
118.0,
123.0,
46.0,
121.0,
129.0,
42.0,
150.0,
54.0,
37.0,
117.0,
41.0,
75.0,
39.0,
113.0,
127.0,
108.0,
117.0,
124.0,
44.0,
152.0,
76.0,
169.0,
84.0,
136.0,
101.0,
40.0,
147.0,
101.0,
132.0,
137.0,
37.0,
112.0,
36.0,
31.0,
111.0,
44.0,
86.0,
