101.99985
101.99985
91.350685
91.131935
90.31482
91.6808
89.7559
87.933304
93.6616
92.45741
91.279884
91.27778
91.996574
94.16919
92.10579
93.240906
94.0348
94.66847
94.65261
94.62853
94.93591
93.29058
93.26413
93.27002
93.23053
93.284004
92.1975
92.18614
90.63217
90.6245
90.6118
90.6051
90.598305
91.0822
91.0721
91.16647
90.216736
90.16975
90.15765
90.14693
90.13614
90.126686
90.12259
90.116295
90.11034
90.10468
90.099304
90.09192
90.08506
90.0801
90.0743
90.07003
89.52265
89.518616
89.51481
89.56667
89.56212
89.55773
89.55353
89.54946
89.54555
89.54157
89.53792
89.58512
89.58089
89.57781
89.57282
89.56898
89.565254
89.56164
89.55811
88.52528
87.46728
86.43531
86.43414
87.46324
87.46192
87.460655
86.440704
86.4398
86.438896
85.413315
85.41275
85.412186
85.411644
85.411095
85.41057
85.410034
85.40795
85.40899
85.40786
85.40795
85.40727
85.406784
85.40573
85.405945
85.4056
85.404465
85.40479
85.40434
85.40382
85.40117
85.40238
85.402504
85.40195
85.40169
85.401115
85.40101
85.39914
85.3998
85.39983
85.39839
84.376274
84.37504
83.33092
83.33092
83.33092
83.33092
83.33092
83.33092
83.33092
83.33092
83.33092
83.33092
83.33092
83.33092
83.33092
83.33092
83.33092
83.33092
83.33092
83.33092
83.33092
83.33092
83.33092
83.33092
83.33092
83.33092
83.33092
83.33092
83.33092
83.33092
83.33092
83.33092
83.33092
83.33092
83.33092
83.33092
83.33092
83.33092
83.33092
83.33092
83.33092
83.33092
83.33092
83.33092
83.33092
83.33092
83.33092
83.33092
83.33092
83.33092
83.33092
83.33092
83.33092
83.33092
83.33092
83.33092
83.33092
83.33092
83.33092
83.33092
83.33092
83.33092
83.33092
83.33092
83.33092
83.33092
83.33092
83.33092
83.33092
83.33092
83.33092
83.33092
83.33092
83.33092
83.33092
83.33092
83.33092
83.33092
83.33092
83.33092
83.33092
83.33092
83.33092
83.33092
83.33092
83.33092
83.33092
83.33092
