107.8
109.0
106.6
107.0
106.8
104.3
100.4
104.0
101.8
97.4
95.7
96.9
96.8
101.4
98.7
94.1
103.9
93.7
96.7
96.8
97.6
92.7
91.8
97.9
92.7
96.0
92.3
91.0
88.6
92.6
91.1
95.2
91.5
93.0
93.8
96.9
90.2
89.9
91.9
89.5
90.1
89.5
92.8
91.1
87.8
89.8
90.1
91.8
88.5
89.8
90.2
91.8
90.4
90.1
90.8
88.3
91.3
91.5
89.6
87.5
90.4
92.4
93.9
92.6
93.1
88.8
89.9
90.2
89.5
87.5
89.2
91.1
87.8
87.6
86.7
87.7
87.6
85.3
84.4
88.1
86.8
85.5
83.5
85.9
86.0
86.5
83.7
88.2
84.4
85.2
83.8
84.5
85.5
83.1
87.0
84.9
85.1
84.8
85.3
84.1
85.9
84.2
84.2
86.0
87.0
85.4
85.6
83.1
85.4
85.7
85.0
83.6
85.4
85.7
82.4
84.6
83.1
84.3
84.8
83.2
81.4
81.8
81.0
82.7
84.4
81.4
84.2
85.0
82.7
83.7
83.3
81.1
81.9
82.3
83.6
81.8
82.4
82.7
83.2
83.1
85.4
83.2
86.0
81.5
83.3
80.1
83.6
81.4
82.0
83.5
83.6
80.8
83.1
84.6
80.9
83.9
82.0
83.1
84.5
82.7
82.8
81.8
82.7
82.1
83.0
82.1
83.8
82.6
83.5
87.1
83.2
83.3
83.0
83.9
84.0
84.1
85.2
86.5
84.3
84.7
85.8
83.9
87.6
84.7
83.8
80.9
83.4
83.8
82.1
81.7
85.4
86.8
82.3
82.5
81.8
81.6
82.7
82.7
81.7
85.3
