101.99985
94.85475
91.03874
89.936615
90.41611
89.85819
90.46281
92.17197
94.774086
94.790985
94.55538
91.408394
91.82964
91.26529
91.54319
91.04826
91.34155
90.13808
90.44244
91.54219
91.99564
92.2893
91.8419
93.20009
94.005104
94.04065
94.90519
95.94434
96.12257
94.87866
94.882454
93.67768
93.610985
92.65173
92.68907
92.07162
92.42991
92.237404
92.2246
92.2889
92.33887
92.402985
91.40852
91.630295
90.450264
91.45743
92.5216
92.49386
91.424805
90.8611
90.26428
90.25676
90.24642
90.22146
90.19775
90.18957
90.10509
90.121185
91.158264
90.65356
90.59348
90.581665
90.57643
91.03772
91.03284
90.00835
90.00355
91.00737
90.99247
90.994125
90.9797
90.97726
90.96423
91.00345
91.00058
89.96346
89.900246
89.9319
90.95441
90.93701
90.92618
90.9215
90.91067
90.88095
90.87513
90.86388
90.852905
90.8293
90.82577
90.82233
90.81896
90.84624
90.83115
90.838005
90.786026
89.96201
89.982315
88.73424
87.69472
87.66936
87.682365
87.668945
87.663155
87.66171
87.65727
87.655876
87.65161
86.50883
86.50855
86.52521
86.5363
86.53372
86.53031
86.53503
86.53393
86.53685
86.53037
86.532005
86.52605
86.52363
86.019424
86.01893
86.01682
86.01635
86.01429
86.013824
86.01336
86.01291
86.01243
84.99606
86.01174
84.9955
84.993645
84.99364
83.94588
83.94237
83.33142
83.33142
83.33142
83.33142
83.33142
83.33142
83.33142
83.33142
83.33142
83.33142
83.33142
83.33142
83.33142
83.33142
83.33142
83.33142
83.33142
83.33142
83.33142
83.33142
83.33142
83.33142
83.33142
83.33142
83.33092
83.33092
83.33092
83.33092
83.33092
83.33092
83.33092
83.33092
83.33092
83.33092
83.33092
83.33092
83.33092
83.33092
83.33092
83.33092
83.33092
83.33092
83.33092
83.33092
83.33092
83.33092
83.33092
83.33092
83.33092
83.33092
83.33092
83.33092
83.33092
83.33092
83.33092
83.33092
83.33092
83.33092
83.33092
83.33092
83.33092
83.33092
83.33092
83.33092
83.33092
83.33092
83.33092
83.33092
83.33092
83.33092
83.33092
83.33092
83.33092
83.33092
83.33092
83.33092
83.33092
83.33092
83.33092
83.33092
83.33092
83.33092
83.33092
83.33092
83.33092
83.33092
83.33092
83.33092
83.33092
83.33092
83.33092
83.33092
83.33092
83.33092
83.33092
83.33092
83.33092
83.33092
83.33092
83.33092
83.33092
83.33092
83.33092
83.33092
83.33092
83.33092
83.33092
83.33092
83.33092
83.33092
83.33092
83.33092
83.33092
83.33092
83.33092
