100.0
117.0
106.0
115.0
104.0
109.0
103.0
105.0
125.0
99.0
102.0
104.0
94.0
98.0
98.0
103.0
104.0
92.0
113.0
104.0
93.0
104.0
92.0
101.0
106.0
93.0
118.0
93.0
102.0
103.0
99.0
92.0
89.0
100.0
93.0
90.0
92.0
98.0
95.0
91.0
93.0
104.0
100.0
112.0
87.0
91.0
100.0
89.0
86.0
88.0
92.0
84.0
84.0
90.0
86.0
85.0
90.0
86.0
93.0
96.0
85.0
89.0
90.0
96.0
89.0
85.0
86.0
85.0
87.0
87.0
89.0
100.0
91.0
92.0
85.0
92.0
103.0
88.0
86.0
96.0
94.0
91.0
93.0
91.0
89.0
92.0
87.0
93.0
94.0
96.0
96.0
85.0
92.0
89.0
98.0
90.0
88.0
83.0
86.0
90.0
88.0
84.0
87.0
95.0
82.0
92.0
84.0
83.0
87.0
96.0
87.0
89.0
86.0
87.0
81.0
85.0
83.0
86.0
83.0
106.0
87.0
88.0
81.0
87.0
88.0
83.0
85.0
85.0
81.0
82.0
81.0
86.0
83.0
86.0
80.0
92.0
81.0
83.0
83.0
79.0
79.0
87.0
89.0
82.0
83.0
82.0
83.0
81.0
79.0
83.0
79.0
79.0
84.0
84.0
81.0
80.0
80.0
79.0
79.0
80.0
83.0
86.0
94.0
86.0
79.0
81.0
79.0
85.0
81.0
79.0
79.0
79.0
81.0
81.0
79.0
83.0
81.0
83.0
89.0
81.0
84.0
79.0
79.0
83.0
80.0
88.0
81.0
83.0
88.0
87.0
79.0
80.0
83.0
87.0
84.0
82.0
83.0
85.0
87.0
82.0
79.0
91.0
82.0
81.0
79.0
86.0
79.0
79.0
81.0
81.0
80.0
82.0
79.0
83.0
80.0
85.0
79.0
86.0
84.0
89.0
84.0
83.0
84.0
81.0
81.0
85.0
84.0
81.0
94.0
87.0
89.0
83.0
93.0
87.0
89.0
79.0
89.0
79.0
79.0
82.0
82.0
87.0
81.0
83.0
94.0
83.0
85.0
96.0
79.0
92.0
91.0
